116.37898 39.84639 116.37799 39.90687 5.0 0.5
116.3435 39.89454 116.38301 39.86472 5.0 0.5
116.33716 39.87598 116.40715 39.85994 5.0 0.5
116.36015 39.90529 116.42172 39.9076 5.0 0.5
116.35385 39.87052 116.33023 39.87636 5.0 0.5
116.4306 39.8827 116.42255 39.91976 5.0 0.5
116.43933 39.87802 116.38788 39.8891 5.0 0.5
116.4084 39.94173 116.35335 39.95318 5.0 0.5
116.39828 39.95727 116.41342 39.89314 5.0 0.5
116.43235 39.94686 116.3673 39.90001 5.0 0.5
116.39709 39.93504 116.43744 39.94496 5.0 0.5
116.40349 39.95092 116.40607 39.89942 5.0 0.5
116.33924 39.89883 116.37697 39.92972 5.0 0.5
116.4315 39.94019 116.40189 39.89375 5.0 0.5
116.37642 39.90802 116.41105 39.90442 5.0 0.5
116.38053 39.85906 116.41109 39.91536 5.0 0.5
116.41145 39.89757 116.42458 39.93829 5.0 0.5
116.35922 39.91395 116.33018 39.88907 5.0 0.5
116.42599 39.85148 116.34117 39.88997 5.0 0.5
116.38602 39.88333 116.42575 39.89681 5.0 0.5
116.33964 39.8867 116.35301 39.90606 5.0 0.5
116.3905 39.88642 116.43018 39.89609 5.0 0.5
116.43177 39.94001 116.40143 39.89323 5.0 0.5
116.43818 39.92459 116.37513 39.9042 5.0 0.5
116.42279 39.85839 116.40979 39.90271 5.0 0.5
116.39251 39.95497 116.41137 39.91237 5.0 0.5
116.43374 39.94465 116.38658 39.8973 5.0 0.5
116.40676 39.8741 116.35861 39.88164 5.0 0.5
116.43197 39.91774 116.35908 39.90103 5.0 0.5
116.34462 39.94964 116.3794 39.93759 5.0 0.5
116.34819 39.95637 116.37296 39.93994 5.0 0.5
116.43474 39.92012 116.35231 39.90487 5.0 0.5
116.43682 39.94515 116.36914 39.89723 5.0 0.5
116.37909 39.85345 116.36013 39.86841 5.0 0.5
116.41122 39.87051 116.42643 39.92468 5.0 0.5
116.42325 39.88575 116.42329 39.91919 5.0 0.5
116.37787 39.85901 116.41174 39.91241 5.0 0.5
116.36181 39.92071 116.41087 39.87088 5.0 0.5
116.38635 39.87828 116.43008 39.88977 5.0 0.5
116.37098 39.85998 116.35907 39.89164 5.0 0.5
116.35514 39.88628 116.34457 39.91784 5.0 0.5
116.34279 39.89251 116.3875 39.86214 5.0 0.5
116.33545 39.87869 116.35702 39.9076 5.0 0.5
116.44087 39.93965 116.36105 39.90214 5.0 0.5
116.43383 39.93215 116.39471 39.91936 5.0 0.5
116.39663 39.95439 116.4172 39.89272 5.0 0.5
116.38963 39.87713 116.42296 39.88914 5.0 0.5
116.42795 39.86063 116.40236 39.90477 5.0 0.5
116.43059 39.85747 116.36736 39.85412 5.0 0.5
116.37471 39.85123 116.37108 39.90683 5.0 0.5
