116.38485 39.84756 116.41401 39.87231 5
116.37564 39.92822 116.40569 39.95073 5
116.40108 39.89184 116.39737 39.86377 5
116.37043 39.91948 116.41074 39.87468 5
116.35894 39.85132 116.41623 39.84686 5
116.43726 39.88701 116.41928 39.93839 5
116.38676 39.93838 116.43734 39.94062 5
116.3821 39.94013 116.34071 39.95667 5
116.33848 39.87817 116.35048 39.91076 5
116.36502 39.94908 116.40056 39.93697 5
116.41214 39.85376 116.42385 39.889 5
116.37847 39.87355 116.42181 39.87379 5
116.37762 39.84927 116.36023 39.87163 5
116.36915 39.92393 116.40259 39.87293 5
116.35209 39.95695 116.41171 39.95626 5
116.41224 39.94055 116.37555 39.88891 5
116.43724 39.86796 116.37276 39.86156 5
116.41489 39.93926 116.43986 39.91131 5
116.34929 39.84858 116.36338 39.87638 5
116.36534 39.85027 116.34559 39.87444 5
116.3516 39.86915 116.33705 39.88661 5
116.37898 39.85467 116.33163 39.88641 5
116.35134 39.87542 116.33994 39.86936 5
116.36016 39.94118 116.35593 39.89869 5
116.36632 39.85071 116.35606 39.88019 5
116.41855 39.94491 116.43994 39.91013 5
116.3545 39.84642 116.42062 39.85361 5
116.43418 39.87539 116.41171 39.90464 5
116.41158 39.94596 116.43374 39.91672 5
116.41515 39.94542 116.4359 39.91235 5
