116.37338 39.85865 116.41381 39.90821 2 0.5 5
116.43929 39.88862 116.40324 39.90639 2 0.5 5
116.36818 39.88953 116.33304 39.93971 1 0.5 5
116.34725 39.85747 116.38745 39.89988 2 0.5 5
116.36753 39.8887 116.33022 39.9427 1 0.5 5
116.36013 39.9008 116.40291 39.88697 2 0.5 5
116.34503 39.86686 116.4143 39.85603 1 0.5 5
116.42509 39.90762 116.43618 39.87621 2 0.5 5
116.37053 39.94755 116.4146 39.94042 1 0.5 5
116.41363 39.9185 116.37561 39.8913 2 0.5 5
116.35124 39.94556 116.42641 39.93691 1 0.5 5
116.42865 39.91014 116.43691 39.87306 1 0.5 5
116.37933 39.91611 116.41607 39.90011 1 0.5 5
116.3885 39.90318 116.41621 39.90949 2 0.5 5
116.41141 39.88175 116.42719 39.85042 2 0.5 5
116.3363 39.8653 116.37216 39.84712 2 0.5 5
116.43789 39.85525 116.42592 39.9082 2 0.5 5
116.33234 39.88613 116.35119 39.91376 1 0.5 5
116.36875 39.88747 116.33338 39.93756 2 0.5 5
116.38782 39.87117 116.34603 39.88474 1 0.5 5
116.43994 39.8702 116.42888 39.89877 2 0.5 5
116.42584 39.85293 116.34201 39.8953 1 0.5 5
116.3835 39.87206 116.34257 39.88385 1 0.5 5
116.40925 39.9252 116.43466 39.89999 1 0.5 5
116.41206 39.92474 116.37374 39.92052 1 0.5 5
116.40733 39.84873 116.37675 39.86719 1 0.5 5
116.41839 39.85983 116.36438 39.91408 2 0.5 5
116.41146 39.89626 116.425 39.8476 2 0.5 5
116.39381 39.85273 116.41617 39.85812 1 0.5 5
116.41898 39.88264 116.42575 39.85095 1 0.5 5
116.36408 39.94107 116.42153 39.952 2 0.5 5
116.34939 39.86506 116.38824 39.90415 2 0.5 5
116.4355 39.86833 116.41765 39.90134 2 0.5 5
116.33229 39.91649 116.34985 39.94369 2 0.5 5
116.43446 39.85507 116.42547 39.91706 1 0.5 5
116.36423 39.88811 116.40077 39.91037 1 0.5 5
116.4133 39.85133 116.35015 39.87577 1 0.5 5
116.42291 39.91126 116.37437 39.95502 2 0.5 5
116.3942 39.89359 116.37007 39.84689 2 0.5 5
116.4239 39.9143 116.37266 39.94888 1 0.5 5
116.44047 39.8465 116.42213 39.9081 2 0.5 5
116.38625 39.87518 116.34878 39.88489 1 0.5 5
116.34853 39.93917 116.34587 39.87316 1 0.5 5
116.36845 39.94232 116.4255 39.95494 2 0.5 5
116.43511 39.91654 116.41613 39.95257 1 0.5 5
116.40308 39.85539 116.4357 39.89036 2 0.5 5
116.41355 39.88404 116.43023 39.85309 2 0.5 5
116.33519 39.89718 116.3766 39.93419 2 0.5 5
116.43892 39.91212 116.43857 39.957 1 0.5 5
116.36523 39.88692 116.41895 39.885 2 0.5 5
116.36658 39.93385 116.38776 39.89606 1 0.5 5
116.37734 39.85432 116.3311 39.88276 2 0.5 5
116.33229 39.88372 116.35832 39.8978 2 0.5 5
116.39532 39.89454 116.43298 39.9121 2 0.5 5
116.36634 39.93793 116.35022 39.93983 2 0.5 5
116.41226 39.93663 116.43452 39.90003 2 0.5 5
116.40901 39.85809 116.35637 39.88933 2 0.5 5
116.41098 39.93088 116.37516 39.91089 1 0.5 5
116.42073 39.88021 116.42862 39.85226 2 0.5 5
116.41377 39.8546 116.42486 39.90644 2 0.5 5
116.44077 39.85243 116.42219 39.91701 1 0.5 5
116.33905 39.86037 116.38041 39.85187 2 0.5 5
116.40786 39.9245 116.43584 39.90198 2 0.5 5
116.39642 39.89461 116.43277 39.91016 1 0.5 5
116.42161 39.91747 116.41273 39.94816 1 0.5 5
116.4166 39.90625 116.38347 39.85068 2 0.5 5
116.37843 39.89829 116.42523 39.89731 1 0.5 5
116.36395 39.92839 116.38544 39.89322 2 0.5 5
116.3494 39.90201 116.38625 39.95281 1 0.5 5
116.42977 39.9306 116.42634 39.90925 1 0.5 5
116.35383 39.89308 116.42116 39.93106 2 0.5 5
116.34758 39.94407 116.40133 39.8993 2 0.5 5
116.38511 39.90282 116.34538 39.93854 2 0.5 5
116.3657 39.93138 116.38562 39.89649 2 0.5 5
116.43891 39.91689 116.43574 39.95049 2 0.5 5
116.3491 39.94398 116.34891 39.87321 2 0.5 5
116.39163 39.85403 116.37006 39.87059 1 0.5 5
116.35717 39.8744 116.33222 39.88429 2 0.5 5
116.43605 39.87179 116.37896 39.86393 2 0.5 5
116.42926 39.90865 116.43133 39.8757 1 0.5 5
116.33102 39.85837 116.37778 39.8562 2 0.5 5
116.37417 39.8605 116.36003 39.89405 1 0.5 5
116.43596 39.8541 116.42868 39.91568 1 0.5 5
116.3848 39.92793 116.44107 39.88832 2 0.5 5
116.36437 39.89543 116.39256 39.91155 2 0.5 5
116.36896 39.93112 116.38601 39.89302 1 0.5 5
116.39761 39.92898 116.43932 39.94466 2 0.5 5
116.35087 39.93848 116.42883 39.93458 2 0.5 5
116.42713 39.90848 116.38861 39.92062 2 0.5 5
116.39152 39.93325 116.43551 39.94662 2 0.5 5
116.41447 39.89109 116.36694 39.90179 2 0.5 5
116.40525 39.92069 116.44059 39.89814 2 0.5 5
116.42504 39.93057 116.42406 39.91583 2 0.5 5
116.35317 39.95649 116.35069 39.90558 1 0.5 5
116.34997 39.89398 116.34795 39.94935 1 0.5 5
116.42539 39.91133 116.43345 39.87285 2 0.5 5
116.42156 39.88765 116.39699 39.90608 1 0.5 5
116.33944 39.87909 116.35219 39.90602 1 0.5 5
116.42454 39.91298 116.37461 39.95301 2 0.5 5
116.43148 39.86724 116.37122 39.86127 1 0.5 5
