116.33919 39.88977 116.36553 39.86595
116.33852 39.89178 116.41358 39.90475
116.35128 39.89647 116.35472 39.93459
116.35005 39.92111 116.42233 39.90457
116.41999 39.94742 116.43805 39.91255
116.34093 39.8805 116.34801 39.92226
116.41696 39.93343 116.4343 39.89768
116.43678 39.92594 116.35084 39.90486
116.38036 39.94664 116.41212 39.93503
116.43155 39.85104 116.42982 39.90776
116.35917 39.84791 116.41911 39.85049
116.35137 39.88486 116.3489 39.91853
116.35288 39.93455 116.39046 39.95539
116.42329 39.93631 116.42127 39.91403
116.43531 39.92966 116.39191 39.92021
116.37993 39.87784 116.41465 39.95516
116.36923 39.86473 116.34464 39.89408
116.41709 39.92545 116.34405 39.93039
116.36828 39.91654 116.42731 39.92286
116.42477 39.87092 116.40136 39.92077
116.42349 39.95548 116.4179 39.9312
116.41812 39.94628 116.3784 39.88877
116.40467 39.91847 116.43799 39.89721
116.36563 39.89275 116.33929 39.94132
116.37359 39.95683 116.41361 39.94412
116.424 39.9536 116.41755 39.92886
116.33263 39.91697 116.3472 39.9419
116.35253 39.94237 116.35726 39.8976
116.40946 39.91717 116.42114 39.93815
116.41359 39.91599 116.41159 39.94397
116.37357 39.86048 116.41631 39.9157
116.35133 39.87922 116.38862 39.93159
116.43406 39.95388 116.42133 39.89184
116.41913 39.95392 116.42228 39.90334
116.41434 39.87745 116.43073 39.85083
116.43956 39.86121 116.40445 39.84924
116.37357 39.89862 116.43 39.8995
116.39132 39.92991 116.43629 39.93744
116.34209 39.84903 116.36365 39.8701
116.36542 39.88905 116.33777 39.94105
116.37059 39.95677 116.34252 39.92982
116.37463 39.86465 116.41574 39.91627
116.34189 39.90647 116.42488 39.90876
116.36634 39.84661 116.42089 39.87775
116.43947 39.89239 116.41118 39.89941
116.35607 39.94247 116.4298 39.9345
116.33374 39.89209 116.40023 39.9034
116.33785 39.8959 116.39084 39.8983
116.42661 39.93168 116.42786 39.91082
116.34974 39.89137 116.38298 39.85668
116.37849 39.94514 116.41392 39.89415
116.40402 39.91362 116.36971 39.90156
116.38141 39.90089 116.34303 39.94472
116.39339 39.90245 116.34356 39.92188
116.4205 39.88119 116.42764 39.85597
116.41306 39.93575 116.37502 39.91476
116.40631 39.86067 116.43645 39.93017
116.4347 39.95671 116.35345 39.90771
116.35771 39.88051 116.38623 39.92913
116.35429 39.89017 116.35736 39.93031
116.42423 39.84984 116.34514 39.88742
116.35864 39.90397 116.40087 39.89013
116.38448 39.84725 116.33109 39.89042
116.43206 39.94868 116.42769 39.89447
116.34256 39.84982 116.3665 39.86985
116.34358 39.9054 116.42485 39.9135
116.43544 39.93914 116.42625 39.9045
116.34278 39.85418 116.36119 39.87545
116.38287 39.86275 116.42355 39.92765
116.44119 39.93889 116.368 39.90514
116.36342 39.9386 116.42492 39.9499
116.40189 39.87012 116.41862 39.90642
116.36949 39.85015 116.41047 39.87082
116.37105 39.85143 116.33837 39.8823
116.33649 39.88543 116.35332 39.90114
116.34725 39.84726 116.36951 39.86681
116.40341 39.91236 116.36862 39.89695
116.34797 39.84753 116.3686 39.8672
116.41852 39.94414 116.37095 39.88683
116.35002 39.8499 116.36825 39.86886
116.38897 39.8591 116.36592 39.89542
116.43562 39.85657 116.41099 39.8842
116.38892 39.90167 116.3467 39.94395
116.33167 39.89139 116.39202 39.90443
116.44017 39.94466 116.42429 39.89941
116.39482 39.88989 116.34567 39.89181
116.42746 39.87547 116.40552 39.92066
116.36553 39.92526 116.40368 39.8755
116.38126 39.90027 116.34315 39.95665
116.40345 39.93099 116.41757 39.90418
116.42037 39.95681 116.33042 39.92446
116.34282 39.9074 116.37773 39.87405
116.3962 39.87297 116.36568 39.87635
116.36514 39.85022 116.40751 39.86987
116.42584 39.9206 116.4205 39.88023
116.35854 39.95476 116.41253 39.95297
116.35745 39.91694 116.33918 39.89251
116.33148 39.87265 116.40102 39.86652
116.40643 39.94993 116.41581 39.91187
116.35014 39.92264 116.37187 39.87437
116.43633 39.85484 116.42318 39.90946
116.37091 39.93108 116.40181 39.94801
116.42896 39.94837 116.37854 39.94603
116.35212 39.84703 116.41694 39.85474
116.36508 39.94053 116.42254 39.95691
116.4358 39.94064 116.40739 39.89288
116.43426 39.86429 116.4055 39.85239
116.33941 39.92832 116.38059 39.94793
116.43392 39.94362 116.36929 39.90281
116.39761 39.89755 116.34121 39.92464
116.33361 39.9037 116.37981 39.93298
116.37834 39.89782 116.34339 39.89591
116.36667 39.85468 116.41196 39.90762
116.34163 39.88129 116.36986 39.90517
116.41665 39.8747 116.42881 39.919
116.3927 39.89065 116.36985 39.90471
116.38436 39.87814 116.43032 39.8907
116.3781 39.85007 116.40334 39.85565
116.37168 39.95045 116.34163 39.93694
116.37817 39.85227 116.41079 39.85556
116.42424 39.94453 116.34751 39.95686
116.39509 39.90488 116.42702 39.88081
116.43101 39.9485 116.42673 39.92586
116.43225 39.94562 116.42178 39.90079
116.4254 39.84896 116.34036 39.89302
116.41107 39.85131 116.43699 39.89842
116.36137 39.88033 116.34528 39.90022
116.34129 39.88646 116.38921 39.87537
116.37182 39.86734 116.35393 39.89696
116.34943 39.93368 116.42905 39.89748
116.38431 39.9468 116.4317 39.94306
116.36119 39.89519 116.33179 39.94531
116.39098 39.8972 116.42191 39.91318
116.37552 39.87087 116.41432 39.88328
116.33047 39.87951 116.35666 39.89772
116.38436 39.86032 116.42366 39.9298
116.39132 39.89696 116.42432 39.88198
116.40295 39.85999 116.35844 39.89495
116.36368 39.87532 116.39775 39.8991
116.42395 39.90821 116.43899 39.87491
116.4116 39.85502 116.43633 39.89713
116.35799 39.90685 116.4296 39.9127
116.33688 39.92264 116.3754 39.95272
116.41142 39.93244 116.43769 39.89996
116.41492 39.94093 116.37056 39.89583
116.36835 39.8532 116.40133 39.87629
116.33764 39.92805 116.37093 39.94792
116.38583 39.9522 116.3494 39.91299
116.36425 39.94253 116.3446 39.94612
116.41018 39.85572 116.37501 39.87622
116.41261 39.95497 116.36794 39.949
116.34139 39.95123 116.37204 39.93973
116.39174 39.92037 116.43653 39.93279
116.35361 39.94735 116.35646 39.90674
116.3615 39.9455 116.3456 39.93868
116.40601 39.95057 116.40284 39.90694
116.4069 39.89779 116.37011 39.87787
116.43225 39.9401 116.40156 39.88861
116.3499 39.87831 116.38882 39.8766
116.37778 39.95532 116.34091 39.93449
116.40437 39.87609 116.41981 39.89753
116.41293 39.9401 116.43655 39.91424
116.41543 39.94567 116.39775 39.94917
116.41331 39.89726 116.38436 39.87976
116.35636 39.95677 116.41357 39.9534
116.40887 39.91754 116.43695 39.90066
116.35167 39.88757 116.35143 39.93629
116.40864 39.92418 116.43398 39.93994
116.43129 39.92383 116.39078 39.90202
116.34656 39.84981 116.36386 39.87333
116.42606 39.95611 116.37196 39.94269
116.40525 39.91761 116.43367 39.9443
116.37356 39.84943 116.35461 39.87126
116.35761 39.92762 116.38244 39.9478
116.37707 39.94697 116.41784 39.88987
116.43853 39.92222 116.37057 39.89984
116.38025 39.90116 116.42615 39.90072
116.3402 39.86549 116.38579 39.90417
116.34311 39.93209 116.42275 39.93479
116.40936 39.94087 116.35857 39.95334
116.39468 39.95454 116.42087 39.91151
116.43254 39.87241 116.41737 39.89658
116.34799 39.91725 116.37745 39.87377
116.34559 39.91199 116.37352 39.88357
116.34686 39.92439 116.34558 39.95071
116.36387 39.92325 116.40991 39.86724
116.41113 39.91855 116.3778 39.9241
116.3418 39.86829 116.41987 39.85459
116.37851 39.94602 116.41386 39.88962
116.41884 39.93735 116.39821 39.95037
116.40072 39.90567 116.4233 39.91193
116.42394 39.90758 116.37862 39.95471
116.35772 39.93591 116.38904 39.9488
116.36252 39.85255 116.40673 39.86734
116.35041 39.89484 116.43731 39.88833
116.37746 39.93113 116.4025 39.95513
116.37143 39.93066 116.40136 39.95566
116.43792 39.85699 116.34392 39.88674
116.4135 39.88888 116.3632 39.90068
116.39263 39.91965 116.43583 39.93056
116.36546 39.88102 116.34223 39.89924
116.41437 39.94781 116.38951 39.90272
116.34881 39.85515 116.36567 39.87186
116.36097 39.94357 116.42995 39.95096
116.42522 39.85579 116.34776 39.88742
116.41553 39.94502 116.43722 39.91338
116.37743 39.92026 116.40369 39.95091
116.42013 39.87701 116.42866 39.84716
116.43434 39.87835 116.34063 39.87916
116.43346 39.93753 116.38495 39.90685
116.37611 39.92308 116.37065 39.90378
116.40239 39.86675 116.41529 39.89791
116.43019 39.88205 116.42507 39.92096
116.44004 39.88627 116.41118 39.91148
116.42657 39.94384 116.34748 39.95031
116.36825 39.92236 116.40785 39.87525
116.33462 39.88154 116.35351 39.9079
116.42878 39.9502 116.41951 39.93425
116.35872 39.88297 116.34825 39.92433
116.3857 39.85599 116.41852 39.87467
116.43222 39.88332 116.34563 39.88096
116.43244 39.8775 116.41314 39.90866
116.41443 39.89433 116.36534 39.89922
116.40663 39.93069 116.42489 39.89956
116.40168 39.84891 116.41542 39.91584
116.36599 39.92324 116.40148 39.87087
116.38036 39.86351 116.35509 39.89175
116.42874 39.95614 116.37256 39.93813
116.41511 39.88572 116.42276 39.84713
116.43215 39.91397 116.4408 39.95747
116.37465 39.93947 116.41327 39.93695
116.36064 39.8985 116.34958 39.94029
116.44106 39.88931 116.37341 39.95208
116.42984 39.93096 116.43053 39.91589
116.40584 39.92721 116.43394 39.9383
116.4082 39.93819 116.35105 39.95287
116.37118 39.86257 116.35179 39.88832
116.41664 39.87919 116.42496 39.85061
116.38364 39.86383 116.36497 39.88842
116.37637 39.89946 116.4284 39.94848
116.3374 39.92529 116.37709 39.95632
116.39429 39.88652 116.43424 39.93527
116.36538 39.93112 116.38399 39.89453
116.4127 39.91195 116.40953 39.95005
116.34 39.92023 116.38395 39.88817
116.37885 39.93661 116.40149 39.95712
116.33882 39.90637 116.37559 39.93067
116.43611 39.85426 116.42517 39.91641
116.43129 39.95383 116.42845 39.89022
116.36604 39.95664 116.39896 39.93147
116.40096 39.94703 116.44026 39.94558
116.38269 39.87999 116.42447 39.89269
116.42427 39.9199 116.3925 39.9492
116.35633 39.94275 116.4241 39.93151
116.33279 39.88651 116.35895 39.91688
116.34563 39.92629 116.42647 39.90084
116.3403 39.85295 116.36577 39.87574
116.36519 39.88388 116.41882 39.88754
116.42767 39.95142 116.3327 39.92163
116.39447 39.87705 116.4322 39.93672
116.4204 39.88222 116.42685 39.84935
116.41888 39.8996 116.36246 39.90563
116.34873 39.90927 116.37642 39.87471
116.36451 39.85854 116.42043 39.86743
116.39398 39.87308 116.36617 39.87064
116.42436 39.85896 116.4034 39.90205
116.42451 39.85983 116.36571 39.85124
116.3684 39.91972 116.40197 39.86669
116.38963 39.86676 116.34207 39.87957
116.33509 39.87075 116.40826 39.86277
116.33765 39.9039 116.37138 39.93085
116.40119 39.93341 116.41898 39.90489
116.43997 39.86316 116.40802 39.85204
116.33763 39.91172 116.34764 39.94411
116.38923 39.87018 116.34936 39.88325
116.39225 39.8784 116.43659 39.93594
116.43415 39.85637 116.42788 39.91559
116.39478 39.89686 116.36052 39.9068
116.36591 39.93077 116.38063 39.88717
116.40362 39.87095 116.37805 39.90567
116.35606 39.88153 116.37757 39.90656
116.41536 39.87472 116.3889 39.87828
116.34987 39.94226 116.34622 39.86941
116.39306 39.86099 116.4226 39.90413
116.39888 39.90092 116.42391 39.87844
116.33819 39.86851 116.41084 39.86003
116.35946 39.93193 116.38876 39.95115
116.42761 39.92135 116.39208 39.94952
116.34491 39.94048 116.34072 39.87609
116.36128 39.85049 116.41144 39.9071
116.37609 39.90217 116.34314 39.88789
116.36445 39.85536 116.3485 39.86938
116.43441 39.87433 116.37305 39.8597
116.34255 39.93423 116.34527 39.88569
116.38454 39.8605 116.36071 39.89254
116.33817 39.87696 116.35443 39.91561
116.41796 39.87756 116.43102 39.85607
116.35903 39.94113 116.35053 39.90172
116.43964 39.9524 116.41809 39.90277
116.35414 39.94415 116.42117 39.92888
116.40362 39.9533 116.40726 39.89896
116.34106 39.91435 116.37857 39.86881
116.36542 39.95238 116.39162 39.93538
116.42533 39.88929 116.38628 39.95664
116.35096 39.86884 116.33539 39.88548
116.33986 39.91582 116.34767 39.94254
116.44106 39.93947 116.40232 39.88928
116.43345 39.93933 116.36545 39.8981
116.34169 39.94089 116.3485 39.87581
116.37358 39.9347 116.40118 39.95168
116.35433 39.85285 116.42072 39.85204
116.34668 39.87232 116.41106 39.85477
116.39046 39.88307 116.42911 39.88828
116.43498 39.95413 116.42153 39.89617
116.3332 39.91629 116.34714 39.9411
116.36627 39.89542 116.33335 39.94477
116.34555 39.88263 116.38531 39.8675
116.42746 39.95063 116.37581 39.94037
116.40584 39.91092 116.42849 39.89615
116.42822 39.87949 116.4244 39.92545
116.39229 39.89267 116.34618 39.88713
116.41546 39.89088 116.42732 39.85221
116.3385 39.92056 116.3793 39.95626
116.37976 39.93085 116.40859 39.94867
116.40307 39.8572 116.43646 39.93619
116.35941 39.89007 116.35076 39.93046
116.40591 39.86264 116.43294 39.93685
116.39374 39.90454 116.4234 39.91195
116.38505 39.89837 116.37439 39.88133
116.41249 39.85285 116.43136 39.89832
116.37867 39.87593 116.35646 39.90488
116.38529 39.86034 116.4286 39.93622
116.41606 39.91426 116.40895 39.9476
116.37754 39.89784 116.43017 39.90667
116.34646 39.90874 116.37276 39.87011
116.35287 39.90912 116.33986 39.88807
116.341 39.91275 116.37664 39.87825
116.43863 39.88851 116.4194 39.89738
116.39094 39.91748 116.43214 39.93203
116.41925 39.89305 116.3656 39.89922
116.44018 39.92413 116.39655 39.89959
116.41723 39.87999 116.42621 39.84844
116.34578 39.85568 116.36786 39.86855
116.41333 39.92525 116.37407 39.89541
116.34686 39.92399 116.37507 39.87487
116.336 39.90366 116.37989 39.93501
116.35299 39.94777 116.35409 39.9008
116.3603 39.89088 116.43602 39.88785
116.33049 39.90465 116.37064 39.93709
116.41142 39.86366 116.36535 39.90968
116.36156 39.93728 116.38866 39.8943
116.35386 39.89787 116.40651 39.8914
116.43197 39.87958 116.34317 39.88306
116.38853 39.94643 116.34685 39.95089
116.42479 39.87853 116.43062 39.91895
116.3666 39.9421 116.34807 39.93895
116.35224 39.94047 116.42914 39.93696
116.35264 39.85531 116.41315 39.85573
116.33763 39.88735 116.36325 39.86487
116.41622 39.89594 116.43089 39.84904
116.43677 39.88563 116.34972 39.87695
116.41653 39.90883 116.4401 39.89466
116.41617 39.9379 116.43467 39.91078
116.37572 39.86182 116.41358 39.91407
116.42253 39.88561 116.42625 39.92506
116.36278 39.93084 116.38865 39.89261
116.34467 39.92328 116.42807 39.89862
116.41285 39.95236 116.4211 39.9064
116.41775 39.95411 116.33373 39.89995
116.41383 39.93632 116.43906 39.90449
116.39419 39.88303 116.43908 39.9338
116.35654 39.93473 116.3904 39.95381
116.4145 39.86577 116.41646 39.89593
116.36935 39.86189 116.41533 39.87611
116.40389 39.91538 116.42612 39.89582
116.37859 39.92964 116.40169 39.95705
116.40485 39.9422 116.35043 39.95271
116.34709 39.93608 116.42773 39.90695
116.37021 39.85259 116.40451 39.86777
116.34447 39.86127 116.38521 39.89963
116.34817 39.85715 116.38291 39.90032
116.34952 39.90957 116.37394 39.87849
116.35941 39.85388 116.41644 39.85301
116.35366 39.94071 116.42777 39.93019
116.34401 39.8776 116.38832 39.86755
116.42708 39.9087 116.37671 39.95504
116.44062 39.89288 116.41864 39.89785
116.35985 39.85406 116.41654 39.848
116.34967 39.87259 116.3767 39.91382
116.43358 39.91298 116.43569 39.94898
116.41961 39.93271 116.37753 39.91553
116.42528 39.91992 116.39845 39.95322
116.41451 39.89857 116.38212 39.95665
116.37566 39.95058 116.34138 39.93528
116.35147 39.84986 116.41593 39.84805
116.37364 39.95152 116.4208 39.93754
116.42182 39.95456 116.37317 39.94383
116.34498 39.92098 116.37821 39.87
116.41329 39.92636 116.37266 39.91968
116.4357 39.94742 116.42344 39.90658
116.38435 39.86568 116.36492 39.89254
116.41287 39.94902 116.38753 39.90281
116.40745 39.9552 116.4103 39.89986
116.34432 39.94774 116.37076 39.93799
116.34239 39.8534 116.36369 39.87151
116.3887 39.88396 116.42186 39.89086
116.4288 39.91739 116.41116 39.88076
116.3357 39.90984 116.34059 39.94111
116.40613 39.92129 116.42171 39.94317
116.44123 39.89417 116.37592 39.95732
116.36888 39.89418 116.40085 39.91275
116.33458 39.8721 116.40769 39.86429
116.34583 39.85928 116.38938 39.90693
116.33345 39.93558 116.3708 39.95614
116.42847 39.94926 116.38049 39.94317
116.42767 39.90797 116.42917 39.94179
116.37838 39.95563 116.34924 39.92724
116.41223 39.94059 116.37759 39.88876
116.38302 39.86407 116.42952 39.93057
116.43512 39.90941 116.41175 39.95333
116.38069 39.87419 116.3415 39.87846
116.40761 39.86017 116.35981 39.89408
116.34249 39.91677 116.37342 39.87571
116.41966 39.87069 116.36014 39.90351
116.40288 39.89825 116.3612 39.92823
116.35831 39.89324 116.43023 39.93715
116.38854 39.88398 116.42968 39.88921
116.42272 39.95666 116.3324 39.92646
116.36209 39.88731 116.39642 39.91102
116.4268 39.89094 116.39909 39.90552
116.33551 39.88263 116.35994 39.90121
116.33372 39.91573 116.34314 39.93984
116.40175 39.85091 116.44014 39.8919
116.41882 39.89994 116.3624 39.91107
116.36515 39.93029 116.38978 39.89426
116.39022 39.86153 116.4311 39.93559
116.43549 39.92781 116.39678 39.9238
116.40664 39.94229 116.4251 39.93154
116.37031 39.88975 116.41852 39.87892
116.43097 39.87732 116.42626 39.91933
116.40032 39.9267 116.43134 39.93043
116.37278 39.93472 116.40199 39.95314
116.34161 39.89918 116.42654 39.86557
116.39641 39.92489 116.43445 39.93314
116.38998 39.86354 116.42353 39.92757
116.35088 39.91114 116.33746 39.88918
116.38057 39.92162 116.40555 39.95126
116.4144 39.94611 116.3977 39.95445
116.42236 39.95632 116.33431 39.91851
116.42651 39.93045 116.381 39.89067
116.40445 39.85425 116.42043 39.91113
116.38824 39.88645 116.42265 39.89536
116.38109 39.907 116.37265 39.88291
116.41636 39.89658 116.42391 39.85171
116.43403 39.94473 116.40262 39.89629
116.41623 39.88869 116.42304 39.8467
116.43937 39.89538 116.41696 39.94244
116.38297 39.87495 116.34076 39.87946
116.426 39.88544 116.42251 39.91739
116.39111 39.92382 116.43641 39.93149
116.41826 39.95248 116.39079 39.93375
116.43561 39.93113 116.3945 39.92327
116.36599 39.94621 116.42365 39.95505
116.33294 39.91091 116.34284 39.94525
116.40069 39.89184 116.42579 39.90161
116.37813 39.89175 116.41454 39.90825
116.33923 39.92684 116.37953 39.95321
116.36831 39.91146 116.38593 39.94722
116.35064 39.93928 116.42866 39.93719
116.39754 39.89623 116.43759 39.90966
116.38399 39.8593 116.36407 39.89268
116.34068 39.92558 116.37954 39.87139
116.37025 39.89289 116.39214 39.91289
116.42168 39.93086 116.38092 39.89025
116.36026 39.92961 116.38769 39.95603
116.4361 39.88718 116.38034 39.95202
116.35515 39.93802 116.3517 39.899
116.39949 39.9054 116.42676 39.91224
116.35228 39.84849 116.41186 39.8524
116.34234 39.94851 116.379 39.93986
116.40591 39.89418 116.39329 39.86509
116.43476 39.88848 116.42003 39.90589
116.41704 39.89637 116.36559 39.89859
116.42025 39.87544 116.35858 39.90493
116.36778 39.92084 116.40766 39.87395
116.40035 39.95021 116.41769 39.91046
116.41351 39.95629 116.4272 39.90297
116.43979 39.88571 116.34209 39.88479
116.4113 39.95488 116.36773 39.94962
116.44108 39.9306 116.39722 39.91903
116.36801 39.84953 116.35158 39.88357
116.40832 39.92592 116.42401 39.94083
116.34227 39.941 116.40221 39.90553
116.43015 39.87 116.42047 39.90033
116.39475 39.8695 116.37006 39.87436
116.35673 39.85516 116.41959 39.84917
116.40779 39.84646 116.41857 39.90778
116.40526 39.94441 116.42989 39.92828
116.3624 39.86382 116.34269 39.89309
116.43602 39.88651 116.41244 39.91081
116.40763 39.85906 116.40286 39.9097
116.34312 39.91482 116.37913 39.86904
116.42732 39.93009 116.38143 39.89516
116.36265 39.8521 116.34493 39.87139
116.38936 39.87793 116.42955 39.89683
116.42247 39.85481 116.34305 39.89626
116.38216 39.85376 116.33421 39.88757
116.37677 39.86277 116.35618 39.89597
116.37047 39.86507 116.41305 39.87089
116.33661 39.88937 116.41368 39.90031
116.41573 39.87656 116.38031 39.85728
116.35058 39.89408 116.42207 39.93221
116.37462 39.88165 116.36565 39.92105
116.33991 39.86897 116.40611 39.86357
116.34975 39.92153 116.37578 39.87233
116.33235 39.91661 116.34391 39.94624
116.38279 39.85154 116.33508 39.88909
116.39315 39.8664 116.42767 39.90021
116.36341 39.92638 116.40297 39.86689
116.34824 39.87808 116.38809 39.87051
116.37656 39.90285 116.4148 39.91575
116.419 39.86634 116.38105 39.85472
116.43234 39.87114 116.42537 39.91523
116.40617 39.93079 116.41925 39.89802
116.36903 39.8558 116.40345 39.86912
116.35341 39.95496 116.35862 39.90641
116.43267 39.8894 116.36136 39.91425
116.40975 39.87016 116.37129 39.9059
116.40504 39.91332 116.36411 39.8994
116.42647 39.87709 116.4215 39.92667
116.37732 39.93601 116.4016 39.95364
116.43863 39.87355 116.41777 39.89184
116.43864 39.92697 116.41548 39.90733
116.36244 39.92615 116.40183 39.8682
116.42599 39.88245 116.42793 39.92041
116.3557 39.8697 116.33422 39.87647
116.43618 39.85686 116.40317 39.85238
116.33267 39.87046 116.41029 39.85936
116.44105 39.95164 116.41704 39.89991
116.36995 39.92116 116.40449 39.87222
116.41969 39.95668 116.33811 39.92694
116.42204 39.87716 116.42808 39.92361
116.43988 39.92612 116.35954 39.9053
116.33773 39.87157 116.40958 39.86408
116.42396 39.84685 116.34774 39.89581
116.38681 39.94114 116.43653 39.93897
116.36421 39.87744 116.40884 39.86624
116.4276 39.85243 116.34752 39.89283
116.44092 39.87302 116.42707 39.90233
116.39419 39.94961 116.41722 39.89586
116.39749 39.86068 116.42228 39.89989
116.38487 39.87413 116.35829 39.88518
116.43744 39.92278 116.37101 39.89703
116.38476 39.94399 116.3472 39.95053
116.36574 39.85107 116.40627 39.86942
116.37197 39.91775 116.40634 39.95725
116.3339 39.857 116.37836 39.84866
116.43486 39.86383 116.40218 39.85473
116.43855 39.84682 116.42247 39.91639
116.42618 39.87579 116.40089 39.91797
116.44044 39.88051 116.41262 39.91524
116.39018 39.87068 116.35987 39.8841
116.40862 39.93381 116.41613 39.89869
116.36885 39.95194 116.3998 39.92978
116.4221 39.87055 116.41639 39.89897
116.40429 39.90793 116.43073 39.8959
116.42422 39.94822 116.4238 39.92166
116.40624 39.92804 116.41804 39.89832
116.34169 39.85325 116.36044 39.87134
116.43825 39.87838 116.41224 39.90962
116.33576 39.93032 116.37321 39.95463
116.36829 39.88801 116.39376 39.91627
116.42038 39.87646 116.42945 39.92379
116.337 39.92998 116.37772 39.95553
116.40193 39.86391 116.40923 39.91505
116.40909 39.92563 116.42303 39.93905
116.33861 39.8907 116.41947 39.90419
116.42822 39.94621 116.35016 39.94986
116.42826 39.88584 116.42578 39.92047
116.4136 39.93456 116.43133 39.90489
116.40605 39.85437 116.44034 39.89482
116.38199 39.88462 116.42107 39.89173
116.36135 39.88226 116.41059 39.86064
116.4033 39.92224 116.43298 39.94129
116.42719 39.87818 116.42296 39.92107
116.39371 39.92612 116.43925 39.9282
116.38249 39.84841 116.34437 39.87964
116.38531 39.94558 116.43251 39.93987
116.41757 39.88277 116.42459 39.84665
116.42117 39.8762 116.40442 39.91865
116.4315 39.86603 116.35 39.88609
116.39289 39.89759 116.43001 39.88267
116.3691 39.94503 116.42836 39.95373
116.35161 39.94618 116.35765 39.8989
116.42998 39.93982 116.34745 39.9575
116.41615 39.9073 116.43827 39.88781
116.41921 39.94535 116.37895 39.89538
116.41517 39.92843 116.43812 39.90135
116.37673 39.95743 116.3479 39.93719
116.43657 39.95611 116.35807 39.91022
