116.36544 39.84901 116.4165 39.87993
116.41664 39.84726 116.34481 39.87273
116.43205 39.87424 116.41839 39.89598
116.40366 39.86053 116.4026 39.9116
116.41786 39.91232 116.44024 39.89062
116.35288 39.88343 116.38895 39.9346
116.38568 39.87106 116.34346 39.87995
116.42507 39.91568 116.37857 39.95301
116.38445 39.95202 116.34666 39.89892
116.40444 39.88857 116.39164 39.85825
116.42045 39.92781 116.43362 39.90331
116.33197 39.87385 116.41074 39.86644
116.36579 39.95629 116.41488 39.90774
116.34167 39.88238 116.34605 39.92651
116.37426 39.88388 116.4139 39.94971
116.39519 39.92369 116.43335 39.9275
116.41171 39.92002 116.37552 39.92649
116.38816 39.9295 116.43486 39.89473
116.4267 39.93414 116.43098 39.91366
116.3874 39.87601 116.35491 39.88013
116.33731 39.91749 116.37761 39.94867
116.34754 39.94313 116.40861 39.90531
116.40548 39.84812 116.37198 39.8714
116.43823 39.94877 116.42982 39.88976
116.42486 39.92509 116.39291 39.89053
116.42174 39.90299 116.40334 39.8545
116.37816 39.93672 116.40382 39.95416
116.33888 39.91999 116.37566 39.9571
116.43443 39.86206 116.40313 39.84725
116.34151 39.89848 116.42252 39.86158
116.43756 39.91846 116.35915 39.89969
116.42942 39.8878 116.39749 39.90281
116.43844 39.85513 116.42189 39.91666
116.43081 39.92057 116.39522 39.95086
116.35248 39.91569 116.33309 39.89557
116.43153 39.86178 116.41817 39.87995
116.41331 39.95268 116.43024 39.90333
116.41897 39.90004 116.36675 39.91551
116.33445 39.88416 116.35735 39.9065
116.42401 39.91406 116.43618 39.87603
116.4244 39.91024 116.39067 39.92488
116.37346 39.86706 116.42723 39.87173
116.3309 39.9223 116.38105 39.89204
116.38311 39.86604 116.36321 39.88727
116.36313 39.93731 116.38428 39.89443
116.43794 39.95036 116.35675 39.91504
116.34443 39.88492 116.34077 39.9208
116.41354 39.94779 116.33476 39.89835
116.41998 39.93452 116.37612 39.91023
116.37474 39.87647 116.35096 39.90068
116.34221 39.93597 116.38144 39.95244
116.42283 39.90943 116.44082 39.86683
116.34616 39.92857 116.33041 39.89962
116.36989 39.9107 116.38768 39.93905
116.34958 39.92085 116.34353 39.95518
116.40358 39.93282 116.41685 39.9013
116.41848 39.88988 116.36355 39.90161
116.41106 39.91694 116.41429 39.94043
116.43842 39.89429 116.36283 39.91671
116.38054 39.91781 116.37393 39.90211
116.37102 39.92395 116.42543 39.91578
116.42373 39.89475 116.39543 39.89747
116.41322 39.94861 116.37138 39.95004
116.35125 39.89323 116.43209 39.88977
116.35399 39.93271 116.38852 39.94786
116.43412 39.93057 116.39953 39.91841
116.41781 39.93813 116.43942 39.91474
116.36206 39.93228 116.3841 39.89525
116.43719 39.88604 116.41907 39.91059
116.38828 39.94934 116.34454 39.90547
116.38946 39.93016 116.33668 39.92144
116.391 39.89372 116.36532 39.89983
116.36917 39.9015 116.34587 39.94684
116.38646 39.95473 116.34241 39.9042
116.38212 39.87435 116.34157 39.88339
116.36073 39.85328 116.41297 39.87785
116.41626 39.88377 116.42999 39.85369
116.35817 39.93031 116.38548 39.95242
116.33158 39.92373 116.3832 39.88719
116.41759 39.84824 116.4318 39.9004
116.40606 39.8598 116.40277 39.91709
116.43155 39.91226 116.4365 39.95676
116.34871 39.93641 116.39517 39.93958
116.43272 39.86176 116.41567 39.88406
116.42781 39.90478 116.38467 39.90033
116.38223 39.94271 116.4318 39.93788
116.40356 39.92694 116.44075 39.93861
116.37659 39.94646 116.41368 39.89261
116.33593 39.91914 116.38428 39.89056
116.38938 39.94511 116.34648 39.95311
116.43836 39.86832 116.3797 39.86251
116.34676 39.85911 116.38886 39.90629
116.37023 39.88231 116.42259 39.90641
116.33749 39.92114 116.39 39.89521
116.42599 39.9304 116.38095 39.89656
116.35213 39.94053 116.35487 39.89958
116.42003 39.87597 116.42312 39.89954
116.36761 39.94997 116.41291 39.91122
116.41865 39.85392 116.42111 39.90282
116.42056 39.90847 116.41666 39.94061
116.34877 39.85845 116.3889 39.90555
116.43677 39.95215 116.35633 39.91016
116.40822 39.86117 116.40696 39.90809
116.42046 39.90614 116.43387 39.93265
116.40086 39.86386 116.40671 39.91312
116.35702 39.8507 116.41731 39.85536
116.439 39.93286 116.3953 39.91747
116.35517 39.90016 116.42881 39.91349
116.36679 39.869 116.41149 39.92536
116.39755 39.93373 116.43629 39.94083
116.43353 39.92522 116.3721 39.899
116.39243 39.89245 116.44018 39.91229
116.373 39.93328 116.40389 39.9569
116.34985 39.86239 116.38266 39.90034
116.37547 39.91824 116.37951 39.9045
116.41726 39.93126 116.43978 39.90679
116.41959 39.9487 116.36499 39.94998
116.42785 39.87639 116.42005 39.8999
116.38517 39.93871 116.34766 39.95288
116.36235 39.93146 116.38795 39.89125
116.40511 39.85608 116.43427 39.8889
116.3497 39.90682 116.43111 39.90776
116.33515 39.86365 116.37268 39.85053
116.34602 39.84844 116.36373 39.87569
116.34123 39.91507 116.37402 39.87112
116.3776 39.86937 116.3554 39.89966
116.43156 39.91139 116.43192 39.94955
116.34811 39.86803 116.41875 39.84644
116.38137 39.86949 116.35004 39.88226
116.41789 39.91685 116.42035 39.9411
116.35668 39.93053 116.38159 39.9523
116.42996 39.91678 116.42342 39.94551
116.36574 39.90431 116.43296 39.88785
116.34737 39.90228 116.34283 39.93208
116.33141 39.92783 116.37093 39.95599
116.43134 39.93568 116.39277 39.92086
116.4164 39.8482 116.42735 39.89063
116.41794 39.92441 116.34127 39.93606
116.4141 39.94871 116.42772 39.89732
116.4247 39.91615 116.4349 39.87523
116.37331 39.9231 116.40861 39.95148
116.34506 39.86471 116.38533 39.90595
116.41554 39.95436 116.38684 39.9053
116.36332 39.90268 116.34602 39.93815
116.42332 39.90067 116.38723 39.87503
116.41499 39.94042 116.43644 39.90897
116.41649 39.85006 116.34576 39.87342
116.41771 39.90751 116.4054 39.95235
116.41503 39.88427 116.42826 39.85298
116.3947 39.86727 116.37038 39.87486
116.41936 39.9223 116.34664 39.93652
116.36636 39.93662 116.38238 39.88775
116.37497 39.91512 116.41706 39.89961
116.3444 39.89919 116.36433 39.89103
116.41011 39.94073 116.35623 39.94954
116.4388 39.92768 116.39482 39.92391
116.40847 39.93834 116.33673 39.9141
116.35396 39.93378 116.38701 39.95538
116.37251 39.88711 116.40791 39.85351
116.4398 39.85791 116.4043 39.85366
116.41432 39.95197 116.4259 39.9016
116.34122 39.9262 116.42437 39.8992
116.34573 39.95331 116.37974 39.9433
116.34322 39.87165 116.37258 39.91678
116.40497 39.9414 116.42287 39.93287
116.40774 39.94631 116.4292 39.93069
116.37626 39.8876 116.41486 39.91675
116.35993 39.92773 116.38493 39.95028
116.42815 39.92024 116.42023 39.88519
116.42181 39.95351 116.43021 39.92141
116.41284 39.9129 116.41034 39.95683
116.39385 39.84955 116.3645 39.87593
116.40193 39.95664 116.41119 39.91513
116.35966 39.93299 116.38706 39.94978
116.36413 39.88333 116.40966 39.86564
116.33372 39.9191 116.38209 39.88941
116.42717 39.86548 116.36203 39.8502
116.40015 39.92752 116.43156 39.94596
116.41583 39.94041 116.39376 39.95379
116.42991 39.89954 116.39443 39.88752
116.43282 39.88393 116.41251 39.90963
116.34093 39.88009 116.38313 39.87039
116.43668 39.92973 116.39308 39.92279
116.35125 39.93563 116.38173 39.9535
116.33206 39.90694 116.37277 39.93726
116.42111 39.87633 116.40368 39.92472
116.38046 39.88986 116.41045 39.85481
116.40229 39.8969 116.36063 39.88659
116.39152 39.86296 116.42493 39.90457
116.43161 39.8862 116.38369 39.89287
116.37652 39.88885 116.43994 39.88922
116.34076 39.85793 116.38344 39.90132
116.42055 39.90701 116.41588 39.94535
116.34021 39.94934 116.37674 39.94727
116.4365 39.88478 116.41098 39.90859
116.35986 39.92802 116.385 39.95286
116.36257 39.85274 116.34326 39.8672
116.41818 39.93787 116.39668 39.95433
116.42493 39.87824 116.42561 39.92532
116.4377 39.90093 116.41233 39.92349
116.39879 39.90392 116.34436 39.92049
116.37414 39.88897 116.43174 39.89495
116.43055 39.86078 116.40378 39.90152
116.39754 39.88862 116.42465 39.89798
116.41124 39.94373 116.39639 39.95476
116.34977 39.89789 116.42294 39.86198
116.37676 39.91607 116.41159 39.90011
116.42731 39.90517 116.38386 39.87199
116.42372 39.92707 116.42007 39.95489
116.41251 39.90505 116.38553 39.87709
116.38411 39.93146 116.33589 39.92617
116.34002 39.86956 116.40273 39.86026
116.38013 39.93941 116.41152 39.92953
116.37531 39.94357 116.416 39.8872
116.37557 39.89041 116.34086 39.94058
116.36876 39.94779 116.39364 39.93684
116.36199 39.93089 116.38774 39.89207
116.38168 39.94084 116.43228 39.94659
116.42537 39.87286 116.40484 39.92685
116.41675 39.85509 116.42123 39.90356
116.40207 39.88848 116.39113 39.86578
116.42755 39.93425 116.38554 39.89629
116.43322 39.93867 116.36539 39.90371
116.40851 39.9163 116.42749 39.89501
116.44012 39.9559 116.42128 39.89033
116.37499 39.9159 116.41372 39.90634
116.33069 39.92141 116.38708 39.89144
116.36671 39.86043 116.34855 39.88926
116.38474 39.93341 116.43745 39.88956
116.38046 39.89399 116.40722 39.85629
116.4094 39.86077 116.43872 39.92741
116.41168 39.88758 116.4235 39.85322
116.37088 39.9108 116.41171 39.90161
116.42422 39.87986 116.42731 39.92563
116.41852 39.93152 116.43584 39.89896
116.37877 39.91551 116.41502 39.90344
116.36633 39.87561 116.33771 39.95682
116.34128 39.87445 116.4115 39.85454
116.38841 39.85972 116.36067 39.89312
116.35265 39.89484 116.43538 39.88799
116.40541 39.86026 116.4057 39.91346
116.42673 39.87674 116.42701 39.92215
116.41796 39.9385 116.39462 39.95363
116.43974 39.93027 116.39415 39.9242
116.39031 39.86066 116.4278 39.93572
116.422 39.90015 116.3805 39.9066
116.38293 39.95423 116.34523 39.90869
116.43611 39.87847 116.38358 39.89485
116.41104 39.88253 116.42888 39.84954
116.37224 39.91468 116.41444 39.90175
116.43978 39.86969 116.42338 39.89829
116.3442 39.8484 116.36404 39.86818
116.34189 39.88124 116.38556 39.87446
116.36123 39.85042 116.34532 39.86912
116.39875 39.93487 116.4336 39.93937
116.38397 39.94239 116.43642 39.94562
116.38048 39.8685 116.35251 39.90117
116.39456 39.88223 116.43686 39.93716
116.4399 39.87732 116.34505 39.88542
116.43273 39.91277 116.42659 39.94634
116.37669 39.91463 116.41879 39.89976
116.39962 39.84933 116.36469 39.86686
116.41561 39.92437 116.34077 39.93103
116.36029 39.87875 116.37942 39.90382
116.37846 39.91327 116.41808 39.90323
116.38775 39.92856 116.43952 39.89417
116.37061 39.89572 116.41518 39.91023
116.44071 39.92194 116.39746 39.90613
116.40193 39.85238 116.41612 39.91291
116.39054 39.86549 116.3691 39.89077
116.40286 39.92816 116.41233 39.90629
116.40803 39.86191 116.35837 39.89487
116.37488 39.91843 116.42904 39.91556
116.42567 39.87493 116.4151 39.90385
116.36928 39.87504 116.39433 39.9001
116.4312 39.86699 116.4132 39.89152
116.33819 39.90597 116.3714 39.93483
116.3706 39.88689 116.41818 39.91285
116.34306 39.91799 116.42763 39.8995
116.37897 39.89278 116.43915 39.89107
116.41197 39.86767 116.37586 39.85817
116.42803 39.86981 116.41498 39.89968
116.35916 39.85314 116.41698 39.85249
116.34167 39.95225 116.37959 39.94309
116.39399 39.93389 116.43933 39.94371
116.33088 39.9228 116.37848 39.94878
116.41656 39.8499 116.44005 39.9061
116.33545 39.89867 116.37816 39.93476
116.40194 39.86328 116.43192 39.9317
116.43507 39.86169 116.34661 39.88581
116.34634 39.88164 116.38609 39.8703
116.43301 39.95733 116.35119 39.90813
116.36366 39.92676 116.40114 39.876
116.40334 39.92588 116.42204 39.94456
116.34327 39.91967 116.37552 39.86663
116.34095 39.94071 116.40962 39.89944
116.36016 39.89517 116.42732 39.88741
116.34625 39.90255 116.38585 39.94828
116.37337 39.89272 116.34674 39.94379
116.3573 39.8682 116.33188 39.86679
