116.36544 39.84901 116.4165 39.87993
116.41664 39.84726 116.34481 39.87273
116.43205 39.87424 116.41839 39.89598
116.40366 39.86053 116.4026 39.9116
116.41786 39.91232 116.44024 39.89062
116.35288 39.88343 116.38895 39.9346
116.38568 39.87106 116.34346 39.87995
116.42507 39.91568 116.37857 39.95301
116.38445 39.95202 116.34666 39.89892
116.40444 39.88857 116.39164 39.85825
116.42045 39.92781 116.43362 39.90331
116.33197 39.87385 116.41074 39.86644
116.36579 39.95629 116.41488 39.90774
116.34167 39.88238 116.34605 39.92651
116.37426 39.88388 116.4139 39.94971
116.39519 39.92369 116.43335 39.9275
116.41171 39.92002 116.37552 39.92649
116.38816 39.9295 116.43486 39.89473
116.4267 39.93414 116.43098 39.91366
116.3874 39.87601 116.35491 39.88013
116.33731 39.91749 116.37761 39.94867
116.34754 39.94313 116.40861 39.90531
116.40548 39.84812 116.37198 39.8714
116.43823 39.94877 116.42982 39.88976
116.42486 39.92509 116.39291 39.89053
116.42174 39.90299 116.40334 39.8545
116.37816 39.93672 116.40382 39.95416
116.33888 39.91999 116.37566 39.9571
116.43443 39.86206 116.40313 39.84725
116.34151 39.89848 116.42252 39.86158
116.43756 39.91846 116.35915 39.89969
116.42942 39.8878 116.39749 39.90281
116.43844 39.85513 116.42189 39.91666
116.43081 39.92057 116.39522 39.95086
116.35248 39.91569 116.33309 39.89557
116.43153 39.86178 116.41817 39.87995
116.41331 39.95268 116.43024 39.90333
116.41897 39.90004 116.36675 39.91551
116.33445 39.88416 116.35735 39.9065
116.42401 39.91406 116.43618 39.87603
116.4244 39.91024 116.39067 39.92488
116.37346 39.86706 116.42723 39.87173
116.3309 39.9223 116.38105 39.89204
116.38311 39.86604 116.36321 39.88727
116.36313 39.93731 116.38428 39.89443
116.43794 39.95036 116.35675 39.91504
116.34443 39.88492 116.34077 39.9208
116.41354 39.94779 116.33476 39.89835
116.41998 39.93452 116.37612 39.91023
116.37474 39.87647 116.35096 39.90068
