116.41696 39.93343 116.4343 39.89768
116.38036 39.94664 116.41212 39.93503
116.37656 39.90285 116.4148 39.91575
116.35917 39.84791 116.41911 39.85049
116.35288 39.93455 116.39046 39.95539
116.43531 39.92966 116.39191 39.92021
116.40975 39.87016 116.37129 39.9059
116.36923 39.86473 116.34464 39.89408
116.43863 39.87355 116.41777 39.89184
116.40467 39.91847 116.43799 39.89721
116.424 39.9536 116.41755 39.92886
116.44105 39.95164 116.41704 39.89991
116.35253 39.94237 116.35726 39.8976
116.41359 39.91599 116.41159 39.94397
116.33773 39.87157 116.40958 39.86408
116.43406 39.95388 116.42133 39.89184
116.38487 39.87413 116.35829 39.88518
116.38476 39.94399 116.3472 39.95053
116.43947 39.89239 116.41118 39.89941
116.35607 39.94247 116.4298 39.9345
116.43855 39.84682 116.42247 39.91639
116.42661 39.93168 116.42786 39.91082
116.40862 39.93381 116.41613 39.89869
116.37849 39.94514 116.41392 39.89415
116.34256 39.84982 116.3665 39.86985
116.37105 39.85143 116.33837 39.8823
116.38249 39.84841 116.34437 39.87964
116.34725 39.84726 116.36951 39.86681
116.35002 39.8499 116.36825 39.86886
116.38892 39.90167 116.3467 39.94395
116.41921 39.94535 116.37895 39.89538
116.39482 39.88989 116.34567 39.89181
116.42037 39.95681 116.33042 39.92446
116.36514 39.85022 116.40751 39.86987
116.42584 39.9206 116.4205 39.88023
116.40643 39.94993 116.41581 39.91187
116.35014 39.92264 116.37187 39.87437
116.37091 39.93108 116.40181 39.94801
116.35212 39.84703 116.41694 39.85474
116.33941 39.92832 116.38059 39.94793
116.39761 39.89755 116.34121 39.92464
116.37817 39.85227 116.41079 39.85556
116.34129 39.88646 116.38921 39.87537
116.33047 39.87951 116.35666 39.89772
116.38436 39.86032 116.42366 39.9298
116.4116 39.85502 116.43633 39.89713
116.41142 39.93244 116.43769 39.89996
116.36835 39.8532 116.40133 39.87629
116.33764 39.92805 116.37093 39.94792
116.36425 39.94253 116.3446 39.94612
116.34139 39.95123 116.37204 39.93973
116.35361 39.94735 116.35646 39.90674
116.41331 39.89726 116.38436 39.87976
116.35636 39.95677 116.41357 39.9534
116.38025 39.90116 116.42615 39.90072
116.34799 39.91725 116.37745 39.87377
116.36387 39.92325 116.40991 39.86724
116.3418 39.86829 116.41987 39.85459
116.35772 39.93591 116.38904 39.9488
116.39263 39.91965 116.43583 39.93056
116.41437 39.94781 116.38951 39.90272
116.41553 39.94502 116.43722 39.91338
116.40239 39.86675 116.41529 39.89791
116.42878 39.9502 116.41951 39.93425
116.40663 39.93069 116.42489 39.89956
116.40168 39.84891 116.41542 39.91584
116.37637 39.89946 116.4284 39.94848
116.33882 39.90637 116.37559 39.93067
116.40096 39.94703 116.44026 39.94558
116.38923 39.87018 116.34936 39.88325
116.34491 39.94048 116.34072 39.87609
116.41796 39.87756 116.43102 39.85607
116.40362 39.9533 116.40726 39.89896
116.44106 39.93947 116.40232 39.88928
116.36627 39.89542 116.33335 39.94477
116.37976 39.93085 116.40859 39.94867
116.341 39.91275 116.37664 39.87825
116.39094 39.91748 116.43214 39.93203
116.35386 39.89787 116.40651 39.8914
116.41617 39.9379 116.43467 39.91078
116.37572 39.86182 116.41358 39.91407
116.41775 39.95411 116.33373 39.89995
116.44062 39.89288 116.41864 39.89785
116.35985 39.85406 116.41654 39.848
116.41451 39.89857 116.38212 39.95665
116.35147 39.84986 116.41593 39.84805
116.38435 39.86568 116.36492 39.89254
116.41287 39.94902 116.38753 39.90281
116.3357 39.90984 116.34059 39.94111
116.42767 39.90797 116.42917 39.94179
116.33551 39.88263 116.35994 39.90121
116.39641 39.92489 116.43445 39.93314
116.43403 39.94473 116.40262 39.89629
116.36599 39.94621 116.42365 39.95505
116.36831 39.91146 116.38593 39.94722
116.35064 39.93928 116.42866 39.93719
116.43476 39.88848 116.42003 39.90589
116.41704 39.89637 116.36559 39.89859
116.43979 39.88571 116.34209 39.88479
116.33661 39.88937 116.41368 39.90031
