116.41141 39.94534 116.44414 39.92744 5
116.41837 39.94168 116.4419 39.9298 5
116.44111 39.95485 116.42059 39.95965 5
116.41245 39.94288 116.44395 39.92746 5
116.43971 39.95517 116.41611 39.96397 5
116.4317 39.95451 116.41373 39.96147 5
116.44449 39.93226 116.4196 39.93752 5
116.4229 39.95606 116.41366 39.93329 5
116.43805 39.94864 116.41829 39.96203 5
116.43311 39.95635 116.41746 39.96377 5
116.43757 39.95705 116.41514 39.96438 5
116.43405 39.94925 116.41326 39.96468 5
116.4243 39.93673 116.42927 39.9639 5
116.42773 39.95491 116.41554 39.93109 5
116.4346 39.95217 116.41912 39.96625 5
116.42323 39.93528 116.42942 39.96756 5
116.41748 39.94315 116.45112 39.92725 5
116.44774 39.93306 116.41959 39.93794 5
116.43381 39.94919 116.41485 39.96452 5
116.45012 39.93198 116.41652 39.9401 5
116.42783 39.93459 116.42324 39.96046 5
116.41318 39.93965 116.44562 39.93057 5
116.41155 39.94377 116.44468 39.93402 5
116.41637 39.96227 116.42607 39.92824 5
116.42544 39.94825 116.41924 39.93622 5
116.43834 39.95142 116.41234 39.95866 5
116.4359 39.94905 116.41937 39.96032 5
116.44202 39.93399 116.42103 39.93887 5
116.4404 39.94845 116.41222 39.96288 5
116.43755 39.95071 116.41142 39.96071 5
116.41293 39.9676 116.42762 39.93412 5
116.42226 39.93103 116.42938 39.9591 5
116.42097 39.95978 116.42989 39.93692 5
116.43862 39.95154 116.41128 39.96083 5
116.43458 39.95278 116.41213 39.95973 5
116.41564 39.95959 116.42624 39.9308 5
116.44571 39.93316 116.41208 39.94364 5
116.42231 39.92869 116.42347 39.9585 5
116.42832 39.93064 116.42721 39.96287 5
116.44899 39.93276 116.41764 39.94155 5
