116.41123 39.94014 116.45012 39.93406 5
116.43712 39.95524 116.42077 39.96109 5
116.41511 39.96446 116.4241 39.93704 5
116.43825 39.95568 116.41389 39.95774 5
116.41959 39.96246 116.42285 39.93675 5
116.44718 39.92816 116.41485 39.94093 5
116.4139 39.93953 116.44443 39.92891 5
116.42604 39.93176 116.42622 39.96364 5
116.42232 39.93142 116.42175 39.9639 5
116.43011 39.93198 116.42212 39.95766 5
116.4315 39.94828 116.41222 39.96281 5
116.42233 39.93704 116.42764 39.96748 5
116.42693 39.93043 116.42972 39.96544 5
116.44707 39.93727 116.42068 39.93872 5
116.42286 39.95481 116.41387 39.92913 5
116.42384 39.95188 116.42035 39.93201 5
116.41332 39.94687 116.44273 39.93589 5
116.43662 39.95575 116.41537 39.96004 5
116.43435 39.94975 116.41988 39.9637 5
116.43104 39.93418 116.42196 39.96591 5
116.44766 39.93635 116.41533 39.94119 5
116.43831 39.95516 116.41879 39.95767 5
116.44456 39.93333 116.41337 39.94007 5
116.44323 39.93534 116.41685 39.94534 5
116.43373 39.95635 116.41413 39.95982 5
116.42398 39.93125 116.42367 39.95907 5
116.43627 39.95039 116.4199 39.95772 5
116.4396 39.95061 116.42005 39.96698 5
116.4448 39.9299 116.41795 39.94483 5
116.43391 39.95346 116.41962 39.96004 5
116.44109 39.95655 116.4176 39.96649 5
116.41238 39.94587 116.44751 39.93205 5
116.43938 39.95258 116.41755 39.96689 5
116.44794 39.93479 116.41622 39.93872 5
116.421 39.95817 116.42917 39.93572 5
116.42482 39.93194 116.42351 39.96763 5
116.42843 39.95549 116.41996 39.93182 5
116.4321 39.95643 116.4198 39.96577 5
116.43889 39.95406 116.41263 39.96033 5
116.42504 39.93408 116.42513 39.96656 5
