116.44615 39.93061 116.41295 39.94328 5
116.43263 39.95267 116.41824 39.96275 5
116.42667 39.9509 116.41606 39.93621 5
116.4507 39.92725 116.4181 39.93898 5
116.42403 39.93432 116.42679 39.96742 5
116.42121 39.93597 116.42868 39.96596 5
116.41329 39.95972 116.42152 39.93593 5
116.44376 39.93214 116.41857 39.9382 5
116.4458 39.93698 116.41243 39.94158 5
116.42613 39.9296 116.42675 39.96245 5
116.4496 39.92969 116.41499 39.94699 5
116.45018 39.93006 116.41105 39.93805 5
116.41641 39.96497 116.4303 39.93223 5
116.4464 39.92952 116.41385 39.93761 5
116.44323 39.92925 116.41994 39.93857 5
116.41795 39.94257 116.44158 39.9327 5
116.42464 39.95545 116.41751 39.93006 5
116.44866 39.9363 116.4195 39.94106 5
116.44275 39.93532 116.41351 39.93859 5
116.41244 39.94019 116.44173 39.92749 5
116.41438 39.9421 116.44257 39.93275 5
116.41616 39.95859 116.42179 39.92928 5
116.4226 39.93053 116.42837 39.96343 5
116.41985 39.94497 116.44586 39.92865 5
116.42332 39.93104 116.42805 39.96037 5
116.41242 39.93893 116.4497 39.93476 5
116.42286 39.95602 116.4183 39.93472 5
116.42726 39.94987 116.41218 39.93244 5
116.44477 39.93105 116.41147 39.94231 5
116.42457 39.93308 116.42431 39.96511 5
116.42105 39.96576 116.42601 39.92782 5
116.41303 39.96708 116.42506 39.93261 5
116.42942 39.95452 116.41854 39.93661 5
116.42925 39.95043 116.41564 39.93354 5
116.43586 39.94831 116.4167 39.96408 5
116.41593 39.96327 116.42361 39.93157 5
116.41645 39.96751 116.42507 39.92927 5
116.41503 39.9625 116.42313 39.93248 5
116.43035 39.93141 116.42787 39.96063 5
116.4164 39.9379 116.44311 39.9279 5
