116.42041 39.94548 116.44806 39.92897 5
116.422 39.95064 116.41767 39.93091 5
116.41905 39.9622 116.42614 39.92845 5
116.41178 39.96178 116.42369 39.92738 5
116.41552 39.94493 116.44799 39.93582 5
116.4152 39.96579 116.42968 39.92864 5
116.44609 39.93296 116.41847 39.94488 5
116.41156 39.96133 116.42384 39.93363 5
116.42499 39.95553 116.41988 39.93175 5
116.41151 39.93829 116.44596 39.93073 5
116.41681 39.94438 116.44399 39.92755 5
116.41132 39.94409 116.44198 39.93151 5
116.41418 39.93959 116.44965 39.92834 5
116.42066 39.94439 116.44928 39.92992 5
116.41991 39.93967 116.4433 39.93027 5
116.42683 39.93366 116.42209 39.96124 5
116.41325 39.95986 116.42578 39.92935 5
116.42006 39.94337 116.44301 39.93586 5
116.4212 39.95597 116.4115 39.9323 5
116.41334 39.9623 116.42592 39.93624 5
116.41741 39.94719 116.44201 39.93554 5
116.42835 39.95671 116.41529 39.92864 5
116.41768 39.96295 116.43112 39.93182 5
116.43106 39.92944 116.42375 39.95938 5
116.41204 39.96601 116.42381 39.93492 5
116.41189 39.96508 116.42534 39.93437 5
116.41587 39.93886 116.44329 39.92906 5
116.44736 39.93216 116.41348 39.93796 5
116.41516 39.96301 116.42639 39.93359 5
116.43209 39.95029 116.41574 39.96764 5
116.41565 39.9632 116.42809 39.93446 5
116.44601 39.92928 116.41856 39.94584 5
116.44466 39.9282 116.41726 39.94723 5
116.41162 39.95814 116.42625 39.93657 5
116.43784 39.95154 116.41256 39.96514 5
116.44768 39.9309 116.42012 39.9465 5
116.41518 39.96078 116.42614 39.93384 5
116.43926 39.9524 116.41266 39.96463 5
116.42989 39.95743 116.41236 39.93555 5
116.41772 39.95907 116.42265 39.92748 5
