116.4242 39.95733 116.41814 39.92772 5
116.4415 39.93279 116.41926 39.94392 5
116.4348 39.9544 116.42059 39.96505 5
116.42022 39.96505 116.4235 39.93613 5
116.41668 39.93844 116.45104 39.92875 5
116.42367 39.92891 116.42191 39.95929 5
116.43421 39.9551 116.41678 39.96094 5
116.41534 39.94202 116.44228 39.93046 5
116.447 39.93277 116.41442 39.93802 5
116.41662 39.93772 116.44596 39.92937 5
116.42249 39.95562 116.4205 39.92731 5
116.42974 39.93704 116.42242 39.96421 5
116.4402 39.94768 116.421 39.96208 5
116.41548 39.9472 116.45071 39.93367 5
116.41885 39.94503 116.44571 39.93155 5
116.44349 39.93245 116.41742 39.94073 5
116.41897 39.94009 116.45097 39.92767 5
116.41962 39.96116 116.4235 39.93194 5
116.45014 39.93085 116.411 39.94121 5
116.43897 39.9571 116.41148 39.95914 5
116.41758 39.94073 116.44838 39.93188 5
116.43013 39.93546 116.43016 39.96127 5
116.41817 39.96677 116.42241 39.93658 5
116.43064 39.95711 116.41107 39.93152 5
116.44224 39.92738 116.41285 39.94251 5
116.41369 39.94694 116.44264 39.9275 5
116.44599 39.93079 116.41534 39.94674 5
116.4134 39.96151 116.42897 39.93362 5
116.43721 39.95119 116.41514 39.95914 5
116.41916 39.94401 116.45115 39.92775 5
116.4199 39.94293 116.4457 39.93163 5
116.44055 39.9502 116.41982 39.9675 5
116.41969 39.96707 116.42907 39.93491 5
116.41401 39.94117 116.44243 39.92916 5
116.4212 39.95747 116.4121 39.93679 5
116.43065 39.92961 116.42914 39.96237 5
116.43894 39.95116 116.41782 39.96291 5
116.44597 39.92938 116.4194 39.94248 5
116.42359 39.9523 116.42043 39.93375 5
116.4154 39.96764 116.43106 39.93243 5
