116.42822 39.92913 116.42375 39.9658 5
116.42767 39.95563 116.41845 39.93107 5
116.43461 39.94788 116.41297 39.96659 5
116.42015 39.96312 116.42303 39.93056 5
116.42035 39.94299 116.44855 39.93408 5
116.4113 39.94467 116.44499 39.93672 5
116.44077 39.95306 116.41819 39.95951 5
116.43369 39.94891 116.41432 39.96244 5
116.42667 39.93669 116.42113 39.95762 5
116.43969 39.95535 116.41497 39.95795 5
116.41794 39.96719 116.42826 39.93393 5
116.42244 39.94928 116.41943 39.93072 5
116.41223 39.94456 116.44242 39.93547 5
116.42007 39.94138 116.44366 39.92958 5
116.44597 39.93197 116.41864 39.94206 5
116.41707 39.96386 116.42406 39.92784 5
116.41728 39.96169 116.42543 39.92827 5
116.41168 39.9648 116.42706 39.92861 5
116.44906 39.92861 116.41856 39.94376 5
116.41495 39.94726 116.44668 39.9312 5
116.42621 39.93525 116.42646 39.96234 5
116.42233 39.94746 116.41589 39.93635 5
116.41197 39.9577 116.42285 39.92954 5
116.41525 39.9649 116.42378 39.93118 5
116.42769 39.93487 116.42825 39.96447 5
116.41256 39.96428 116.42765 39.93528 5
116.44953 39.93004 116.42009 39.93941 5
116.44295 39.93163 116.41265 39.94417 5
116.44572 39.93429 116.41791 39.93903 5
116.41526 39.93843 116.44404 39.93384 5
116.41452 39.94572 116.4498 39.92893 5
116.43259 39.95113 116.41802 39.96073 5
116.43408 39.94932 116.41378 39.96312 5
116.43807 39.95036 116.41543 39.9665 5
116.41986 39.93821 116.44511 39.93282 5
116.42919 39.92831 116.4247 39.96555 5
116.42533 39.93059 116.42352 39.96301 5
116.44144 39.93566 116.42079 39.94421 5
116.41947 39.94325 116.45123 39.92803 5
116.42261 39.93102 116.42644 39.95826 5
