116.43761 39.95199 116.41259 39.96436 5
116.42787 39.93173 116.42564 39.96637 5
116.41582 39.94272 116.44508 39.92858 5
116.4117 39.93951 116.44624 39.93196 5
116.42841 39.95235 116.41421 39.93382 5
116.42979 39.93023 116.42373 39.95925 5
116.41576 39.94582 116.44767 39.92985 5
116.42824 39.92908 116.42402 39.96133 5
116.4306 39.95705 116.41486 39.92752 5
116.42322 39.95603 116.41803 39.93156 5
116.42309 39.92729 116.42306 39.96206 5
116.42753 39.95096 116.41396 39.93283 5
116.44983 39.93105 116.41979 39.94718 5
116.42413 39.95303 116.41645 39.92873 5
116.44129 39.94831 116.41667 39.95821 5
116.42434 39.93467 116.42395 39.9592 5
116.4245 39.95518 116.41193 39.93668 5
116.42108 39.9575 116.41297 39.93237 5
116.41601 39.94476 116.4419 39.93376 5
116.42414 39.93275 116.42731 39.96413 5
116.44618 39.93558 116.412 39.94686 5
116.4318 39.95378 116.4143 39.96497 5
116.43055 39.95312 116.41283 39.93336 5
116.44544 39.93366 116.41954 39.94625 5
116.41637 39.96131 116.42956 39.93444 5
116.429 39.93211 116.4281 39.96351 5
116.41289 39.94309 116.44991 39.93717 5
116.42458 39.92726 116.42847 39.96568 5
116.44629 39.93492 116.42068 39.94241 5
116.41422 39.94691 116.44616 39.92816 5
116.42388 39.93362 116.42173 39.96599 5
116.4299 39.94799 116.41364 39.93436 5
116.43939 39.94934 116.42022 39.96463 5
116.4127 39.9382 116.44694 39.92828 5
116.44746 39.93132 116.41789 39.94331 5
116.42061 39.94217 116.4422 39.92807 5
116.41747 39.93969 116.44638 39.93353 5
116.42218 39.95118 116.41862 39.93199 5
116.4222 39.94813 116.41605 39.93453 5
116.42612 39.93551 116.429 39.96411 5
