116.41759 39.96022 116.427 39.92773 5
116.41213 39.96625 116.4297 39.93257 5
116.41473 39.94519 116.44611 39.92868 5
116.41688 39.96333 116.42897 39.93607 5
116.42616 39.95579 116.4186 39.93142 5
116.41262 39.93979 116.44212 39.92893 5
116.41425 39.96393 116.42503 39.93265 5
116.41834 39.94562 116.44908 39.92949 5
116.41748 39.96712 116.42287 39.92868 5
116.41817 39.96214 116.42445 39.93076 5
116.43325 39.95373 116.4116 39.96717 5
116.42448 39.93162 116.42698 39.9665 5
116.45059 39.93656 116.41355 39.94503 5
116.44044 39.9571 116.4189 39.95964 5
116.42233 39.9366 116.42683 39.96628 5
116.426 39.9309 116.42189 39.96618 5
116.41399 39.96152 116.42657 39.93415 5
116.41862 39.96038 116.42584 39.93076 5
116.43742 39.95668 116.41221 39.95978 5
116.44764 39.92736 116.42011 39.94264 5
116.41604 39.94107 116.44899 39.93152 5
116.43057 39.93542 116.42726 39.96235 5
116.43427 39.94993 116.41707 39.96093 5
116.44057 39.9561 116.41156 39.95799 5
116.4348 39.94779 116.41898 39.96269 5
116.41824 39.96401 116.42908 39.93043 5
116.432 39.94934 116.41186 39.96304 5
116.42911 39.93547 116.42283 39.9671 5
116.42795 39.95537 116.42081 39.9343 5
116.421 39.95922 116.4286 39.92756 5
116.44448 39.93113 116.41931 39.94678 5
116.44241 39.93336 116.41609 39.94304 5
116.41846 39.96552 116.42448 39.93675 5
116.45038 39.93551 116.41727 39.94137 5
116.44892 39.93449 116.4171 39.94404 5
116.44271 39.9338 116.41129 39.94244 5
116.42961 39.9362 116.42583 39.9669 5
116.44694 39.93433 116.41873 39.93877 5
116.44638 39.93512 116.41764 39.94378 5
116.41253 39.96055 116.42582 39.9301 5
