116.42892 39.93116 116.42191 39.96267 5
116.4173 39.93941 116.44358 39.9282 5
116.4355 39.95672 116.41397 39.96326 5
116.411 39.94639 116.4469 39.92935 5
116.44465 39.93516 116.41338 39.93826 5
116.42769 39.95532 116.41613 39.9299 5
116.42332 39.9314 116.42987 39.96189 5
116.42732 39.95501 116.42046 39.93129 5
116.4502 39.93521 116.41616 39.94437 5
116.4321 39.95035 116.41531 39.95994 5
116.44441 39.92808 116.41247 39.94413 5
116.41963 39.96365 116.42615 39.93175 5
116.42129 39.93212 116.42521 39.96268 5
116.441 39.94808 116.41792 39.95921 5
116.42491 39.93002 116.42276 39.96359 5
116.41212 39.93771 116.44662 39.93265 5
116.44196 39.9279 116.42028 39.94184 5
116.4188 39.94252 116.44295 39.9364 5
116.42872 39.9286 116.42234 39.96758 5
116.41224 39.95859 116.42297 39.93422 5
116.41382 39.96496 116.42634 39.92727 5
116.44539 39.9297 116.41875 39.94578 5
116.44191 39.93485 116.41594 39.9426 5
116.42949 39.92937 116.42904 39.96175 5
116.44596 39.93103 116.41359 39.94184 5
116.44105 39.95497 116.41763 39.96067 5
116.44799 39.93638 116.41287 39.94335 5
116.45082 39.93703 116.41278 39.94742 5
116.4165 39.96002 116.42925 39.93443 5
116.42897 39.95437 116.4114 39.9302 5
116.44365 39.93683 116.41777 39.94029 5
116.41661 39.94585 116.44877 39.93109 5
116.41933 39.94537 116.44554 39.93147 5
116.41383 39.9609 116.42637 39.93302 5
116.43723 39.95731 116.41585 39.96328 5
116.42481 39.95212 116.41273 39.9359 5
116.44428 39.9344 116.41309 39.94141 5
116.44159 39.93101 116.41347 39.94658 5
116.44298 39.92852 116.41888 39.93946 5
116.4117 39.93962 116.44923 39.93464 5
