116.42863 39.93572 116.42328 39.96109 5
116.42982 39.95044 116.41526 39.92742 5
116.42136 39.95327 116.4134 39.92871 5
116.43237 39.95663 116.41887 39.96437 5
116.44148 39.93486 116.41811 39.93962 5
116.41678 39.96472 116.42611 39.93383 5
116.42158 39.93351 116.42399 39.95887 5
116.4351 39.95201 116.41595 39.96568 5
116.4228 39.93164 116.42607 39.96358 5
116.4418 39.93009 116.41763 39.94289 5
116.44749 39.93373 116.41725 39.94247 5
116.43878 39.95725 116.41349 39.96584 5
116.42558 39.94837 116.41315 39.93053 5
116.42645 39.95558 116.42006 39.93659 5
116.41312 39.94227 116.44844 39.9321 5
116.44564 39.92786 116.41917 39.94061 5
116.43883 39.95108 116.41319 39.95784 5
116.43901 39.95161 116.41467 39.96527 5
116.43214 39.95531 116.41588 39.9629 5
116.43064 39.93188 116.42844 39.95965 5
116.42554 39.93572 116.42805 39.96323 5
116.4296 39.94925 116.41792 39.92957 5
116.42061 39.96071 116.42527 39.93272 5
116.41503 39.94648 116.44816 39.93473 5
116.41852 39.94219 116.44164 39.93706 5
116.42892 39.93014 116.42487 39.95882 5
116.41412 39.9411 116.44697 39.93678 5
116.43682 39.95574 116.41833 39.9623 5
116.44155 39.93524 116.41247 39.94461 5
116.43266 39.95202 116.41843 39.96094 5
116.41814 39.9631 116.42777 39.93326 5
116.43204 39.95284 116.42106 39.95993 5
116.42814 39.95694 116.4198 39.93322 5
116.43102 39.93291 116.4258 39.96291 5
116.41629 39.94019 116.44287 39.9346 5
116.43735 39.95109 116.41437 39.96549 5
116.43011 39.95312 116.41743 39.93527 5
116.43496 39.95752 116.41153 39.9637 5
116.41601 39.9387 116.44688 39.93125 5
116.42431 39.93555 116.42454 39.95914 5
