116.4297 39.92982 116.42642 39.96691 1
116.41118 39.94111 116.44381 39.93127 2
116.42545 39.93649 116.42293 39.96545 1
116.41802 39.96083 116.42669 39.93199 1
116.44524 39.93171 116.41199 39.94283 2
116.45074 39.92924 116.4137 39.94508 2
116.42121 39.93052 116.4276 39.95868 2
116.44894 39.93087 116.41881 39.94179 1
116.41616 39.96753 116.42478 39.93274 2
116.4116 39.96422 116.42747 39.93286 1
116.44542 39.93591 116.41148 39.94484 1
116.44527 39.9332 116.4206 39.9383 2
116.42567 39.93255 116.42538 39.9649 2
116.42801 39.95022 116.41682 39.93499 1
116.43894 39.95599 116.41443 39.9653 1
116.42732 39.93561 116.42637 39.9604 1
116.41613 39.95897 116.42215 39.92772 1
116.42508 39.93085 116.42446 39.95809 2
116.42947 39.9354 116.42151 39.96095 1
116.42832 39.9483 116.41387 39.92889 1
116.44706 39.93205 116.41729 39.94371 2
116.43025 39.95218 116.41646 39.9287 2
116.41704 39.96124 116.42161 39.93413 2
116.4221 39.93216 116.43001 39.96673 1
116.41932 39.94596 116.45052 39.9335 2
116.41141 39.96073 116.42343 39.92915 2
116.41874 39.93872 116.44534 39.93327 2
116.42255 39.93507 116.4257 39.96683 1
116.42556 39.92915 116.42703 39.96584 1
116.4298 39.93001 116.42538 39.95784 1
116.42429 39.93117 116.42553 39.96206 1
116.43969 39.95724 116.41828 39.96448 1
116.43977 39.95718 116.41966 39.96536 2
116.44239 39.92956 116.41547 39.94529 2
116.42267 39.9484 116.42019 39.93707 1
116.43432 39.95653 116.41506 39.95917 1
116.41861 39.95899 116.42703 39.93158 1
116.44081 39.95631 116.41386 39.95858 1
116.41348 39.94506 116.44166 39.93699 2
116.42603 39.93391 116.42188 39.96047 1
116.42463 39.93318 116.42963 39.95843 1
116.41427 39.96653 116.42516 39.9307 2
116.41934 39.94199 116.45009 39.9273 2
116.45022 39.92867 116.41112 39.94522 1
116.41764 39.96103 116.42901 39.93251 2
116.43389 39.94894 116.41207 39.9607 2
116.42248 39.94865 116.41344 39.92822 1
116.446 39.92825 116.41268 39.94695 2
116.42274 39.9316 116.42335 39.96207 1
116.4118 39.96085 116.43068 39.92785 1
116.43638 39.95279 116.41805 39.96203 2
116.41283 39.94487 116.44403 39.93346 1
116.43823 39.95088 116.42006 39.96313 1
116.44524 39.92909 116.41604 39.93854 2
116.41163 39.94123 116.45041 39.93706 1
116.41891 39.95842 116.42163 39.93297 2
116.42997 39.94755 116.4115 39.92902 2
116.41702 39.9457 116.44259 39.93426 2
116.42482 39.92763 116.42404 39.9623 2
116.42615 39.93563 116.42794 39.96531 2
116.41679 39.94625 116.44957 39.93518 2
116.42113 39.93231 116.42278 39.96441 1
116.44118 39.95013 116.41432 39.96062 1
116.44187 39.93038 116.41509 39.94615 2
116.41216 39.94526 116.44807 39.92881 1
116.42876 39.94798 116.41395 39.93721 1
116.45084 39.93033 116.41188 39.93918 1
116.43718 39.95232 116.4197 39.9607 2
116.43464 39.95015 116.41117 39.96664 1
116.41836 39.94637 116.4483 39.93317 2
116.44522 39.93479 116.4183 39.93785 2
116.43007 39.9329 116.42214 39.9587 1
116.42343 39.9572 116.41736 39.92735 2
116.41696 39.94505 116.44774 39.9335 2
116.42062 39.96187 116.4229 39.93665 1
116.43193 39.94911 116.41998 39.96698 1
116.4196 39.93833 116.4416 39.92957 1
116.42982 39.93337 116.42598 39.96703 2
116.42431 39.95308 116.41648 39.93314 1
116.41824 39.94201 116.44924 39.9287 2
