116.41423 39.95848 116.42752 39.92859 2
116.41673 39.94144 116.44415 39.93092 1
116.41558 39.94672 116.44209 39.93572 1
116.42852 39.95265 116.41605 39.93162 2
116.44361 39.93167 116.41948 39.94633 2
116.41431 39.94454 116.44563 39.93688 1
116.44419 39.93229 116.41324 39.9452 2
116.44717 39.93252 116.41865 39.94311 2
116.4232 39.93492 116.42242 39.96643 2
116.41576 39.94456 116.44574 39.93572 2
116.4347 39.95717 116.42099 39.95858 1
116.42132 39.95737 116.42041 39.93169 2
116.42422 39.93209 116.42671 39.96684 2
116.42427 39.95443 116.41835 39.92848 2
116.42757 39.9514 116.41958 39.93692 1
116.4243 39.95245 116.416 39.93538 2
116.42181 39.9283 116.43074 39.96364 2
116.4181 39.94622 116.44842 39.93552 2
116.44572 39.93241 116.41172 39.9419 2
116.42958 39.95205 116.41932 39.93 2
116.45139 39.93157 116.4115 39.93787 1
116.43038 39.94952 116.41865 39.92894 1
116.4212 39.9495 116.41832 39.93055 1
116.42873 39.95204 116.41588 39.93117 1
116.43344 39.94929 116.41733 39.96595 2
116.43321 39.95227 116.41183 39.96163 2
116.41213 39.96069 116.42852 39.92968 1
116.43776 39.95351 116.41981 39.95988 2
116.45137 39.93347 116.41329 39.94209 2
116.41169 39.96524 116.42662 39.9325 2
116.42409 39.95191 116.41181 39.92897 1
116.43936 39.95434 116.41575 39.96524 1
116.44563 39.93611 116.41988 39.94591 2
116.43929 39.95472 116.42099 39.96372 2
116.45049 39.92818 116.41241 39.93952 2
116.42383 39.95554 116.41187 39.93523 2
116.43868 39.94915 116.41409 39.95811 2
116.44424 39.93439 116.41211 39.94263 2
116.42653 39.95499 116.41343 39.92874 2
116.44122 39.95095 116.41569 39.95832 2
116.42569 39.95337 116.41233 39.93056 2
116.44158 39.92984 116.41287 39.94285 2
116.41324 39.94705 116.44455 39.92971 2
116.4333 39.95392 116.41584 39.96352 2
116.42094 39.9402 116.44867 39.93106 2
116.4302 39.9495 116.41096 39.93286 1
116.43786 39.95053 116.41649 39.9617 2
116.41573 39.94437 116.44528 39.92962 2
116.43093 39.95606 116.41751 39.93058 1
116.44083 39.95591 116.41524 39.96444 1
116.44155 39.93498 116.41986 39.94443 1
116.43004 39.95567 116.41507 39.93022 1
116.42561 39.93332 116.42528 39.95781 1
116.44286 39.92742 116.42056 39.93989 2
116.41473 39.93896 116.44541 39.93431 1
116.42912 39.93385 116.42364 39.9623 1
116.41498 39.9656 116.42981 39.93593 1
116.42996 39.95515 116.42034 39.92912 1
116.42034 39.94082 116.44999 39.92888 1
116.41431 39.96196 116.42419 39.93425 2
116.41156 39.95964 116.42774 39.93017 1
116.43816 39.95199 116.42073 39.96244 1
116.44273 39.92815 116.41867 39.9444 2
116.44512 39.93158 116.41588 39.94282 1
116.43393 39.95494 116.41665 39.96571 2
116.42105 39.9578 116.43076 39.93463 2
116.42945 39.93287 116.42154 39.96383 2
116.43965 39.94926 116.41367 39.965 1
116.42343 39.95179 116.41996 39.93037 2
116.4437 39.92964 116.41996 39.94586 2
116.43182 39.94963 116.41118 39.96419 1
116.41218 39.94022 116.44276 39.9362 2
116.42203 39.95249 116.41982 39.92879 1
116.42049 39.94121 116.44902 39.93499 2
116.43432 39.95041 116.41824 39.9593 2
116.41199 39.9426 116.45044 39.93602 1
116.44915 39.92873 116.41112 39.94439 2
116.42976 39.95381 116.41783 39.93318 1
116.42637 39.93483 116.43008 39.96544 2
116.41221 39.96435 116.42852 39.93157 2
