116.43479 39.94903 116.41267 39.96256 1
116.43161 39.95543 116.41169 39.96415 1
116.44167 39.92825 116.41887 39.9446 2
116.43848 39.94845 116.41443 39.96574 2
116.41895 39.94131 116.44446 39.93214 1
116.45094 39.92887 116.41273 39.94696 2
116.4122 39.9596 116.42997 39.93488 1
116.43023 39.95652 116.41872 39.93131 2
116.44891 39.92984 116.41913 39.94185 1
116.41774 39.94351 116.44462 39.93041 2
116.44754 39.92954 116.41454 39.93764 1
116.42812 39.95742 116.41417 39.92858 2
116.44455 39.92911 116.41496 39.93925 1
116.42907 39.95519 116.42007 39.931 2
116.45111 39.93042 116.42096 39.94651 1
116.43254 39.95321 116.41477 39.96255 1
116.43246 39.9531 116.41383 39.96071 1
116.41476 39.96622 116.42897 39.93314 2
116.41548 39.96598 116.42334 39.928 1
116.44541 39.92866 116.41191 39.94568 2
116.44438 39.9364 116.41584 39.93855 1
116.43852 39.94903 116.41849 39.96141 1
116.4219 39.9275 116.42874 39.96442 1
116.44584 39.92967 116.41725 39.94412 2
116.41597 39.96082 116.4258 39.9283 1
116.4413 39.93079 116.41706 39.93798 2
116.44174 39.93367 116.41384 39.93767 1
116.42599 39.93247 116.42639 39.96523 1
116.43285 39.95143 116.41727 39.96577 1
116.44905 39.93274 116.41596 39.94671 1
116.42287 39.94904 116.41546 39.93534 1
116.44992 39.93408 116.4134 39.9461 1
116.42058 39.9657 116.42734 39.92739 1
116.44019 39.95553 116.41854 39.95772 1
116.42824 39.95749 116.41192 39.93615 1
116.44684 39.9274 116.41986 39.94166 2
116.42528 39.93562 116.42801 39.95889 1
116.41143 39.93943 116.44536 39.93438 1
116.4459 39.93198 116.41736 39.94148 2
116.43673 39.94815 116.41641 39.96403 1
116.44668 39.93673 116.41439 39.94468 1
116.42588 39.95664 116.42058 39.9358 1
116.43109 39.94827 116.42064 39.93606 2
116.41156 39.96077 116.42755 39.93063 2
116.44363 39.92792 116.41577 39.94525 1
116.43118 39.95018 116.41255 39.93142 2
116.41331 39.96756 116.42791 39.9298 1
116.42232 39.93296 116.42384 39.96186 1
116.44724 39.92735 116.41803 39.94552 1
116.44423 39.93558 116.41774 39.94281 1
116.42098 39.96641 116.42658 39.93111 2
116.4482 39.93139 116.41212 39.9433 1
116.42742 39.95616 116.41889 39.92982 2
116.42417 39.95528 116.41788 39.9349 2
116.42089 39.94719 116.44864 39.93016 1
116.42185 39.95514 116.41789 39.93712 1
116.4284 39.93536 116.42531 39.96709 2
116.41506 39.9592 116.42203 39.93429 1
116.41787 39.9423 116.45112 39.93436 2
116.4287 39.95503 116.41802 39.93722 2
116.41608 39.96 116.42689 39.9321 2
116.42761 39.93665 116.42803 39.96184 2
116.42487 39.94926 116.4123 39.93212 2
116.44971 39.93481 116.41956 39.94146 1
116.44648 39.92934 116.41562 39.94118 2
116.44518 39.93445 116.41593 39.93978 1
116.44137 39.9343 116.42003 39.94544 1
116.44395 39.93624 116.4124 39.93993 1
116.42883 39.95613 116.4201 39.9293 1
116.44491 39.93203 116.41436 39.94068 1
116.41657 39.94482 116.45134 39.9342 1
116.41466 39.96668 116.42892 39.93059 2
116.42496 39.94876 116.41952 39.92874 1
116.4265 39.9347 116.42581 39.9579 2
116.42719 39.93283 116.43026 39.96392 2
116.41549 39.96356 116.42686 39.92725 2
116.44825 39.9304 116.41793 39.94186 2
116.4242 39.92882 116.42708 39.96096 2
116.42023 39.93792 116.4425 39.93285 2
116.4296 39.94994 116.41695 39.93029 1
