116.43331 39.95707 116.4206 39.965 1
116.43285 39.9485 116.41721 39.96347 2
116.42731 39.92746 116.42995 39.96116 1
116.43198 39.952 116.41753 39.95856 1
116.43123 39.94916 116.41634 39.96141 1
116.42157 39.95258 116.41488 39.93099 1
116.41349 39.94642 116.44245 39.93084 1
116.41371 39.94515 116.44552 39.92723 2
116.42508 39.92757 116.42336 39.96045 1
116.42338 39.92803 116.42134 39.96543 2
116.42118 39.95112 116.41519 39.93459 1
116.41733 39.96516 116.42359 39.93509 2
116.42357 39.93048 116.42891 39.96239 2
116.42015 39.9413 116.44608 39.93467 2
116.43641 39.94928 116.41612 39.96396 1
116.44421 39.93331 116.4148 39.94544 2
116.4343 39.95573 116.41782 39.95876 2
116.41147 39.95934 116.42679 39.93715 2
116.42162 39.95605 116.41625 39.93538 1
116.41113 39.96615 116.42725 39.93189 1
116.41496 39.94011 116.4414 39.92951 1
116.41326 39.95884 116.42648 39.9313 1
116.43327 39.95244 116.41399 39.96192 1
116.4151 39.94642 116.44934 39.93397 1
116.44625 39.93401 116.4202 39.9417 2
116.41821 39.95849 116.4213 39.92963 2
116.44275 39.92819 116.4125 39.93939 2
116.42753 39.95577 116.41955 39.93144 1
116.4427 39.93235 116.41938 39.94078 2
116.42244 39.94753 116.41649 39.93545 2
116.41646 39.94123 116.44632 39.92731 2
116.42674 39.93144 116.43019 39.96518 1
116.44497 39.92888 116.41988 39.94188 2
116.44443 39.93433 116.41705 39.94142 2
116.42151 39.92928 116.42915 39.96467 1
116.41479 39.96518 116.42647 39.93137 1
116.44934 39.93186 116.41725 39.94365 1
116.41146 39.94112 116.44537 39.93634 1
116.42111 39.9509 116.42037 39.93543 2
116.41636 39.93797 116.4418 39.9335 2
116.44429 39.93093 116.42027 39.9464 2
116.44874 39.92758 116.42099 39.93792 2
116.44178 39.93516 116.41648 39.93862 1
116.4252 39.93622 116.42605 39.96022 2
116.42569 39.94779 116.41396 39.92919 2
116.41742 39.96082 116.4273 39.9284 1
116.44265 39.92789 116.42013 39.9472 1
116.43539 39.95535 116.41238 39.96725 1
116.43836 39.94781 116.42015 39.96665 2
116.42992 39.92874 116.43041 39.9666 1
116.44764 39.93556 116.41474 39.94385 2
116.41112 39.94555 116.44168 39.93042 1
116.42338 39.93126 116.42185 39.96359 1
116.43296 39.95335 116.41968 39.96632 2
116.45015 39.93326 116.41193 39.94695 1
116.42574 39.95715 116.42014 39.9279 1
116.42263 39.95685 116.4203 39.93103 1
116.42969 39.93356 116.42182 39.9614 1
116.43104 39.92818 116.42316 39.96382 2
116.44007 39.95734 116.41912 39.95936 2
116.44028 39.95513 116.41802 39.96439 1
116.42501 39.95628 116.41257 39.92923 1
116.41979 39.9384 116.44428 39.93154 1
116.41408 39.9425 116.44526 39.93431 1
116.44742 39.92726 116.41926 39.94516 2
116.41332 39.96303 116.42862 39.93539 1
116.4119 39.96262 116.42336 39.93519 1
116.42448 39.95457 116.41676 39.92724 2
116.42884 39.92793 116.42203 39.96723 2
116.41307 39.96699 116.42125 39.92907 2
116.4508 39.93605 116.4123 39.94519 2
116.42133 39.94904 116.41665 39.93549 1
116.41227 39.94429 116.44145 39.93466 1
116.44677 39.93079 116.41207 39.93933 2
116.42248 39.9553 116.41529 39.92771 1
116.41695 39.94713 116.44747 39.93409 1
116.42095 39.94103 116.44649 39.93603 2
116.42602 39.95644 116.41377 39.92855 2
116.41303 39.94648 116.44734 39.9343 1
116.42649 39.93687 116.4244 39.96047 2
