116.41311 39.94685 116.44274 39.93164 2
116.41666 39.95879 116.42421 39.92943 2
116.42148 39.95246 116.41313 39.92952 2
116.44932 39.93531 116.41574 39.94132 1
116.41916 39.9474 116.45129 39.93012 2
116.44663 39.92754 116.41591 39.94303 2
116.435 39.94952 116.41786 39.9649 2
116.41412 39.96057 116.42231 39.93175 1
116.42982 39.92752 116.42631 39.96357 2
116.41433 39.96228 116.43083 39.93144 2
116.42965 39.9309 116.42158 39.95955 1
116.42969 39.93426 116.4289 39.96009 1
116.45027 39.9355 116.41438 39.9434 1
116.42341 39.9561 116.41465 39.93175 2
116.42679 39.93113 116.42737 39.96304 1
116.41832 39.95888 116.42604 39.93106 1
116.41099 39.9625 116.42449 39.92969 2
116.44851 39.93479 116.41774 39.9441 1
116.43021 39.93406 116.42813 39.96184 1
116.41781 39.93901 116.45116 39.92738 1
116.42246 39.9304 116.42473 39.96538 1
116.41833 39.94154 116.44169 39.93672 1
116.42356 39.95666 116.41798 39.93582 2
116.44581 39.92871 116.41285 39.93848 2
116.44014 39.94948 116.42019 39.95942 2
116.41268 39.94458 116.44926 39.92735 2
116.45088 39.93 116.42016 39.93799 2
116.43389 39.95618 116.41561 39.96044 1
116.43682 39.95238 116.41576 39.96507 2
116.44303 39.93442 116.41887 39.9425 1
116.4297 39.94875 116.41131 39.93318 1
116.43387 39.94903 116.41753 39.96626 1
116.44261 39.92792 116.41951 39.94687 2
116.45033 39.9333 116.41843 39.94628 2
116.42642 39.95682 116.41347 39.92826 1
116.42796 39.95113 116.41205 39.92853 2
116.43845 39.95741 116.41817 39.96482 2
116.42077 39.94251 116.44741 39.92808 2
116.41737 39.96302 116.43051 39.92867 2
116.41859 39.94591 116.4417 39.93607 1
116.41429 39.94626 116.44294 39.93563 1
116.43005 39.95499 116.41373 39.92931 2
116.41113 39.9447 116.44176 39.92911 2
116.44027 39.95128 116.41158 39.96461 1
116.44355 39.9356 116.41154 39.94458 2
116.4142 39.96002 116.422 39.9359 1
116.43186 39.94918 116.41124 39.95819 2
116.43525 39.95344 116.41902 39.95959 2
116.4188 39.9466 116.44548 39.93087 1
116.41109 39.96605 116.42954 39.93428 1
116.43087 39.93413 116.42304 39.9581 2
116.43053 39.94998 116.41645 39.93229 2
116.41912 39.94603 116.44498 39.93676 1
116.42429 39.95358 116.41685 39.93659 2
116.42487 39.93071 116.42524 39.96155 2
116.44198 39.92789 116.41125 39.93803 1
116.44312 39.93397 116.41389 39.94347 1
116.44609 39.9298 116.41323 39.94522 1
116.44398 39.9364 116.4139 39.94141 2
116.41679 39.94231 116.44223 39.93686 2
116.41969 39.96264 116.43011 39.93571 1
116.41374 39.95963 116.42978 39.93313 2
116.42867 39.95576 116.41681 39.93588 1
116.42388 39.93447 116.42689 39.96311 2
116.4273 39.92965 116.43096 39.96435 1
116.42417 39.92817 116.42884 39.9599 2
116.44153 39.93378 116.41097 39.94031 2
116.4466 39.9273 116.41808 39.94433 1
116.42873 39.93732 116.43052 39.9671 2
116.41867 39.96536 116.422 39.93245 1
116.44772 39.93077 116.41975 39.94715 2
116.42508 39.95722 116.4172 39.93256 1
116.4487 39.93209 116.41578 39.93791 2
116.42646 39.95222 116.41196 39.93257 1
116.44174 39.92824 116.41702 39.94319 1
116.4164 39.94 116.45133 39.93477 1
116.42474 39.93166 116.42475 39.96246 2
116.41501 39.96072 116.42992 39.9355 1
116.42642 39.94993 116.41436 39.93519 2
116.44808 39.92879 116.41633 39.93971 2
