116.4279 39.93157 116.4211 39.9668 1
116.41326 39.94454 116.44475 39.9285 2
116.44757 39.92745 116.41629 39.94284 1
116.41951 39.94529 116.4485 39.93573 1
116.42123 39.92869 116.43102 39.96399 1
116.4482 39.92751 116.4208 39.93915 1
116.42739 39.94843 116.41284 39.92882 1
116.44208 39.93467 116.41868 39.93871 1
116.42924 39.93092 116.42347 39.96048 1
116.4152 39.94159 116.44906 39.93514 2
116.45091 39.93635 116.42023 39.94691 2
116.42938 39.9529 116.41381 39.93088 2
116.41118 39.94194 116.44191 39.92768 2
116.42429 39.94876 116.41268 39.92865 1
116.42606 39.95056 116.4145 39.93458 1
116.42511 39.93117 116.42468 39.96491 1
116.43701 39.9497 116.41857 39.96759 2
116.41318 39.93949 116.44388 39.93589 2
116.43247 39.95466 116.41842 39.96279 1
116.42738 39.92798 116.42121 39.96644 1
116.42044 39.94284 116.45055 39.93648 2
116.41904 39.96379 116.42884 39.93596 1
116.43867 39.95165 116.41165 39.96433 2
116.41816 39.9462 116.44155 39.9312 1
116.44472 39.93661 116.42028 39.94345 2
116.41989 39.94153 116.44163 39.93515 1
116.44317 39.93351 116.4185 39.94303 1
116.42069 39.94191 116.44172 39.92847 2
116.4353 39.9546 116.41284 39.95885 2
116.42573 39.9477 116.41808 39.93536 2
116.41938 39.96512 116.42532 39.93024 1
116.42627 39.92937 116.42735 39.95944 1
116.42294 39.9372 116.42943 39.96079 2
116.42849 39.95184 116.41305 39.93386 2
116.4152 39.94265 116.4464 39.93314 1
116.41903 39.94744 116.45102 39.9323 1
116.42487 39.93328 116.43113 39.96035 1
116.41813 39.93834 116.44821 39.93694 1
116.41846 39.94714 116.44685 39.93566 2
116.41449 39.94163 116.44405 39.92882 1
116.41195 39.94111 116.44431 39.93678 2
116.42032 39.94662 116.44141 39.92932 2
116.41793 39.96147 116.42306 39.92905 1
116.4164 39.9593 116.42631 39.93626 1
116.41587 39.96731 116.43064 39.92731 2
116.42492 39.9513 116.4157 39.93375 2
116.4294 39.95597 116.4199 39.92929 1
116.43787 39.95754 116.41243 39.9645 2
116.44863 39.93347 116.4201 39.93779 2
116.41684 39.93882 116.44237 39.92747 1
116.42532 39.95581 116.41949 39.9289 1
116.41698 39.95776 116.42908 39.93126 1
116.43095 39.92726 116.42265 39.96414 1
116.43934 39.9481 116.4187 39.9637 1
116.41212 39.9634 116.425 39.93219 2
116.41573 39.96346 116.42606 39.93645 1
116.44774 39.93569 116.41766 39.93968 1
116.4116 39.94167 116.44583 39.93688 2
116.41958 39.96656 116.42754 39.93389 2
116.41866 39.94168 116.44957 39.934 1
116.41324 39.9442 116.44546 39.93156 1
116.44293 39.93436 116.41877 39.93827 2
116.44493 39.92915 116.41422 39.94592 2
116.44749 39.9308 116.41761 39.94265 1
116.41194 39.94125 116.44842 39.93477 1
116.44852 39.93281 116.41813 39.93912 2
116.41167 39.94624 116.44851 39.93065 1
116.41531 39.93822 116.44403 39.93424 2
116.43223 39.953 116.41441 39.95922 2
116.41293 39.96704 116.42301 39.93464 1
116.42197 39.94956 116.41868 39.92932 1
116.44233 39.93636 116.41195 39.94409 2
116.41493 39.96671 116.42774 39.92731 1
116.42244 39.95548 116.41211 39.93038 2
116.42352 39.95178 116.4132 39.92827 1
116.44536 39.93453 116.41242 39.94223 2
116.43808 39.95041 116.41598 39.96349 1
116.43508 39.95107 116.42011 39.96492 1
116.41773 39.96235 116.42522 39.93194 2
116.44058 39.94814 116.42053 39.96704 1
