116.41708 39.94419 116.44712 39.93361 1
116.42873 39.92734 116.43035 39.95772 2
116.41619 39.9451 116.44709 39.93047 2
116.42515 39.92835 116.4273 39.95856 1
116.43448 39.95174 116.41702 39.96753 2
116.41515 39.9441 116.44521 39.93566 1
116.41831 39.96361 116.42238 39.93148 2
116.4149 39.96141 116.42123 39.93289 2
116.42968 39.92824 116.42537 39.96354 1
116.41888 39.93859 116.45121 39.93269 2
116.44978 39.93522 116.41194 39.94634 2
116.41407 39.96544 116.4274 39.93141 2
116.42847 39.95066 116.41988 39.9319 2
116.41321 39.95958 116.43037 39.93369 1
116.41764 39.94035 116.44401 39.93604 2
116.41681 39.96706 116.42326 39.93089 1
116.42662 39.93259 116.42613 39.96229 2
116.44669 39.93161 116.41965 39.93922 2
116.42336 39.93648 116.42658 39.96417 2
116.44479 39.93316 116.41703 39.9375 2
116.43817 39.94764 116.41278 39.96152 1
116.4275 39.93137 116.42798 39.96082 1
116.41253 39.94698 116.44714 39.92917 1
116.41729 39.94314 116.44839 39.93019 1
116.41792 39.96237 116.42276 39.93706 1
116.41978 39.95981 116.42575 39.93205 2
116.44702 39.93232 116.41622 39.94559 1
116.42139 39.93061 116.42431 39.95941 1
116.41442 39.94121 116.44461 39.93726 1
116.41979 39.95881 116.42622 39.93285 2
116.41631 39.96488 116.42927 39.93459 1
116.4488 39.92806 116.41464 39.94707 1
116.41404 39.96703 116.4248 39.93194 2
116.42772 39.92753 116.42927 39.96086 2
116.42192 39.95291 116.4177 39.92762 1
116.4344 39.95457 116.41594 39.96697 2
116.43718 39.94867 116.41291 39.96589 1
116.42591 39.95175 116.41917 39.92743 1
116.42114 39.94899 116.41481 39.93296 2
116.45034 39.92982 116.41759 39.9462 1
116.42706 39.93603 116.42188 39.96199 1
116.41835 39.96119 116.42622 39.92945 1
116.42084 39.94204 116.44771 39.93442 2
116.43211 39.95726 116.41519 39.96581 2
116.42056 39.95771 116.42904 39.93204 2
116.4292 39.9347 116.42893 39.9596 1
116.41616 39.94315 116.44813 39.92801 2
116.4412 39.95355 116.41456 39.96076 2
116.4193 39.9438 116.44921 39.92793 1
116.42177 39.94763 116.41754 39.93179 1
116.41629 39.94657 116.45115 39.92929 1
116.43505 39.95476 116.41417 39.9671 1
116.44522 39.92792 116.41859 39.94227 1
116.42781 39.92764 116.42869 39.95838 2
116.41585 39.93792 116.44164 39.9299 1
116.42831 39.9556 116.41596 39.9322 2
116.41626 39.96329 116.42779 39.93271 2
116.41824 39.95793 116.42163 39.93656 1
116.42128 39.95322 116.41675 39.93448 1
116.44167 39.92923 116.41923 39.94165 2
116.42796 39.95299 116.41575 39.93651 1
116.42565 39.93569 116.42602 39.95813 1
116.43303 39.95445 116.41105 39.96099 1
116.41606 39.96634 116.42502 39.93006 2
116.44465 39.93399 116.41548 39.94083 1
116.41864 39.94105 116.44602 39.92802 2
116.41365 39.94532 116.44201 39.92751 1
116.4247 39.93014 116.42642 39.96011 1
116.436 39.95138 116.41212 39.96738 1
116.41696 39.95891 116.42342 39.92843 1
116.42954 39.95636 116.41441 39.92847 2
116.41925 39.94663 116.44502 39.92962 1
116.42533 39.93258 116.42217 39.96154 1
116.41708 39.96044 116.42965 39.93698 2
116.41808 39.96311 116.42612 39.93444 1
116.42306 39.93538 116.42729 39.959 1
116.4298 39.92983 116.42561 39.95847 1
116.41104 39.96418 116.42376 39.93379 1
116.41289 39.94376 116.45015 39.92793 1
116.44001 39.95187 116.4111 39.96455 1
