116.4415 39.93099 116.41112 39.94657 2
116.41981 39.94174 116.44858 39.93386 1
116.41222 39.96171 116.42706 39.93166 1
116.42324 39.93353 116.43054 39.96365 2
116.41808 39.96674 116.42658 39.9355 1
116.44856 39.93646 116.42047 39.9441 1
116.43684 39.95551 116.42008 39.96657 2
116.4452 39.92779 116.41794 39.94091 2
116.41966 39.9617 116.43007 39.93494 1
116.44371 39.93448 116.41798 39.93966 2
116.44216 39.93643 116.4208 39.94346 1
116.44138 39.93502 116.41934 39.94275 1
116.4137 39.95951 116.42473 39.93207 2
116.43897 39.9508 116.41673 39.96031 1
116.41276 39.96182 116.43006 39.93471 1
116.4327 39.95703 116.41625 39.96226 1
116.41853 39.96621 116.43115 39.92787 2
116.43197 39.95212 116.41703 39.96554 1
116.42252 39.93172 116.42494 39.96158 1
116.44138 39.92753 116.41771 39.94722 1
116.4124 39.95821 116.42938 39.92846 1
116.4272 39.93709 116.42635 39.9612 1
116.41638 39.95961 116.4278 39.92853 2
116.4171 39.96454 116.42854 39.92851 2
116.44052 39.94802 116.41792 39.9616 1
116.41394 39.9603 116.42877 39.93586 1
116.41888 39.96115 116.42839 39.92919 1
116.43927 39.95113 116.41185 39.96447 1
116.42005 39.94108 116.44254 39.93507 2
116.4305 39.95125 116.41325 39.93003 1
116.41645 39.96128 116.42731 39.92764 2
116.43768 39.9568 116.41579 39.96519 2
116.41748 39.93956 116.44879 39.93523 2
116.41281 39.95802 116.4244 39.93708 1
116.41532 39.94453 116.45082 39.92821 1
116.41865 39.96475 116.42542 39.93324 2
116.43283 39.94937 116.41152 39.95965 2
116.43015 39.95588 116.41417 39.93507 1
116.41812 39.96311 116.42155 39.93322 2
116.41704 39.9439 116.44129 39.93355 1
116.43842 39.95178 116.41203 39.9668 2
116.42302 39.94755 116.41139 39.92745 1
116.43076 39.93466 116.42665 39.96153 2
116.41714 39.9635 116.42955 39.93679 2
116.42387 39.94838 116.41479 39.92865 1
116.41907 39.96639 116.43025 39.93415 1
116.41751 39.9672 116.4258 39.92877 1
116.44048 39.94773 116.41112 39.96526 2
116.43754 39.95314 116.42098 39.96762 1
116.41194 39.9645 116.42408 39.92781 1
116.43676 39.95343 116.42014 39.95789 2
116.42425 39.95634 116.41938 39.93403 1
116.447 39.93597 116.41992 39.93886 2
116.43698 39.95507 116.41633 39.96033 2
116.41951 39.94534 116.44748 39.9275 2
116.42162 39.93529 116.4223 39.96327 2
116.44503 39.93709 116.41246 39.93916 2
116.43571 39.94823 116.41512 39.95887 2
116.43135 39.9502 116.42099 39.96636 2
116.41412 39.94145 116.44942 39.93177 1
116.42713 39.92808 116.42556 39.9668 1
116.43028 39.93187 116.42925 39.95949 1
116.43428 39.94925 116.41402 39.9652 1
116.41436 39.94167 116.45081 39.93089 2
116.43985 39.94747 116.41624 39.95786 1
116.4208 39.95824 116.43117 39.93282 1
116.41338 39.96026 116.42752 39.93731 2
116.4191 39.94656 116.44669 39.93707 1
116.42324 39.93126 116.42885 39.96453 1
116.4147 39.96109 116.42992 39.92995 2
116.41216 39.94426 116.44535 39.92999 1
116.43473 39.95063 116.41765 39.96394 1
116.43211 39.9491 116.41131 39.96168 2
116.44133 39.9335 116.4197 39.94225 2
116.42382 39.95525 116.41179 39.93177 1
116.44537 39.93496 116.41628 39.94583 2
116.42301 39.93155 116.42107 39.96438 2
116.41646 39.94689 116.44867 39.9281 2
116.42781 39.93108 116.43016 39.96685 2
116.41238 39.94519 116.44502 39.93427 2
