116.44352 39.93092 116.41394 39.94519 1
116.44907 39.92904 116.41428 39.94388 1
116.42444 39.9329 116.43074 39.95983 1
116.42662 39.93353 116.42467 39.96144 1
116.42653 39.93043 116.42973 39.9665 1
116.44215 39.93666 116.41259 39.9397 2
116.4399 39.94815 116.41918 39.95952 1
116.43214 39.94924 116.41512 39.96189 2
116.44387 39.9328 116.41799 39.93969 2
116.42958 39.93706 116.42712 39.96326 1
116.44736 39.93096 116.41158 39.94125 2
116.43717 39.95155 116.41325 39.9629 2
116.41655 39.96281 116.43043 39.9303 2
116.4236 39.93081 116.43058 39.96396 1
116.43213 39.95475 116.42041 39.96724 2
116.42507 39.93231 116.42452 39.96373 1
116.41842 39.944 116.45051 39.9364 2
116.44319 39.93239 116.41867 39.94587 1
116.42317 39.9323 116.4276 39.9593 1
116.4269 39.94928 116.41455 39.93346 2
116.44703 39.92858 116.42009 39.94158 1
116.45122 39.928 116.42062 39.93923 1
116.42853 39.93589 116.42207 39.95966 2
116.41651 39.94678 116.45036 39.93505 2
116.4371 39.94769 116.4182 39.95878 1
116.42027 39.94626 116.45055 39.93303 2
116.44954 39.92893 116.41197 39.93936 1
116.4231 39.9283 116.42259 39.96263 1
116.41426 39.94235 116.44725 39.93009 1
116.44225 39.93276 116.41499 39.94569 1
116.41797 39.96034 116.42701 39.9279 1
116.42427 39.95712 116.41116 39.93454 2
116.42515 39.92942 116.4301 39.96542 2
116.43039 39.92857 116.42169 39.96158 1
116.4253 39.9523 116.41182 39.92985 2
116.42968 39.9493 116.41192 39.92827 2
116.41769 39.94624 116.44252 39.92922 1
116.42577 39.95742 116.41298 39.93047 2
116.41414 39.9589 116.42396 39.92937 2
116.41533 39.93967 116.44451 39.93418 2
116.44196 39.93458 116.41728 39.94587 1
116.42945 39.93348 116.42681 39.96141 2
116.42444 39.93613 116.43055 39.96698 1
116.4202 39.96173 116.42521 39.92861 2
116.42883 39.92857 116.42266 39.9611 1
116.42709 39.95421 116.41977 39.93733 1
116.42262 39.95332 116.41164 39.93094 1
116.42658 39.95337 116.4176 39.93502 1
116.42549 39.9479 116.41734 39.92859 1
116.4117 39.9666 116.42406 39.9279 2
116.42264 39.92958 116.4288 39.9638 2
116.42252 39.93401 116.42832 39.96739 1
116.44016 39.95718 116.41926 39.96049 2
116.42198 39.95704 116.41225 39.92833 1
116.4322 39.94901 116.41555 39.96235 1
116.41104 39.96221 116.42161 39.93231 2
116.43662 39.95507 116.41458 39.95858 1
116.44324 39.9282 116.41951 39.94207 1
116.42671 39.95216 116.41898 39.93227 2
116.42355 39.9329 116.42273 39.96402 2
116.4311 39.93314 116.42431 39.96669 1
116.42838 39.93069 116.42529 39.96311 1
116.4421 39.92931 116.414 39.93783 2
116.42569 39.93501 116.42224 39.95898 1
116.44972 39.9373 116.42077 39.93893 1
116.42909 39.94929 116.41382 39.93361 1
116.4376 39.94974 116.4144 39.95869 2
116.42876 39.95728 116.41463 39.9296 1
116.43631 39.95242 116.41669 39.958 2
116.42054 39.94563 116.44682 39.9332 2
116.4478 39.93343 116.41195 39.94677 1
116.44715 39.93315 116.41344 39.94189 1
116.42986 39.93444 116.42979 39.96599 1
116.42994 39.9322 116.42637 39.96052 1
116.42169 39.95504 116.41144 39.93235 1
116.45121 39.9282 116.41131 39.94137 1
116.42461 39.93109 116.4262 39.95943 2
116.44827 39.9311 116.41865 39.94253 1
116.42232 39.92952 116.42436 39.9641 1
116.41238 39.94495 116.45008 39.9324 2
