116.42055 39.94493 116.44794 39.93164 2
116.44421 39.93577 116.4125 39.94382 1
116.4236 39.94751 116.42013 39.93372 2
116.41641 39.94506 116.44853 39.92992 2
116.42614 39.93211 116.42631 39.96759 2
116.41741 39.93975 116.4506 39.93069 1
116.41591 39.93854 116.44629 39.92837 2
116.41152 39.94616 116.45038 39.93611 1
116.41736 39.96751 116.42267 39.93389 2
116.43763 39.94916 116.41677 39.96652 1
116.41694 39.94132 116.44686 39.92935 1
116.44324 39.9369 116.42099 39.93956 1
116.4184 39.94617 116.44348 39.92842 2
116.43019 39.95173 116.41853 39.92772 1
116.42244 39.9537 116.41637 39.92894 1
116.44228 39.92822 116.41948 39.94737 1
116.41279 39.94248 116.45067 39.92867 1
116.44728 39.93627 116.41899 39.94412 2
116.41881 39.94003 116.45052 39.93333 2
116.41385 39.94537 116.44821 39.93478 2
116.42339 39.9341 116.42677 39.95831 1
116.41266 39.94445 116.44598 39.93484 2
116.42607 39.94984 116.41571 39.93233 2
116.42519 39.93112 116.4213 39.9614 1
116.42863 39.95167 116.41375 39.93337 2
116.41214 39.94307 116.44185 39.92794 1
116.41444 39.94223 116.44752 39.92976 1
116.4181 39.93798 116.44288 39.9327 1
116.41138 39.96553 116.43065 39.93385 2
116.42303 39.95173 116.41821 39.93198 2
116.42624 39.95009 116.41119 39.93316 1
116.41835 39.95847 116.42373 39.93456 1
116.41916 39.94649 116.44579 39.93488 2
116.42002 39.9601 116.42321 39.93395 1
116.41474 39.95851 116.42513 39.93548 1
116.4178 39.96037 116.42751 39.92763 2
116.448 39.93065 116.41807 39.9409 1
116.4223 39.95379 116.42047 39.92855 1
116.41536 39.95898 116.42296 39.93291 2
116.41633 39.96312 116.42407 39.9292 1
116.41224 39.96494 116.4251 39.93139 2
116.43263 39.95169 116.42002 39.9611 1
116.42378 39.95669 116.41989 39.93272 1
116.41125 39.93862 116.44963 39.93229 1
116.43034 39.955 116.41387 39.93532 1
116.44887 39.9369 116.42058 39.93831 2
116.41933 39.94574 116.44314 39.93691 2
116.43142 39.95679 116.42056 39.9609 2
116.42558 39.95452 116.41458 39.93559 2
116.42437 39.95217 116.41469 39.93342 2
116.42077 39.94292 116.4437 39.93595 1
116.42024 39.93869 116.44615 39.92752 2
116.41618 39.94103 116.44793 39.93279 2
116.41766 39.93825 116.44222 39.93019 1
116.42345 39.92823 116.42508 39.96508 1
116.41595 39.9388 116.45027 39.9274 2
116.42644 39.94884 116.41952 39.93024 2
116.42997 39.93071 116.42125 39.96624 1
116.42083 39.9673 116.42151 39.93073 2
116.41784 39.93864 116.44362 39.93036 1
116.41391 39.94699 116.44268 39.93518 1
116.41734 39.96523 116.42521 39.93622 2
116.41297 39.96457 116.42111 39.93674 1
116.4456 39.92843 116.41953 39.93891 2
116.44751 39.93275 116.41214 39.94011 2
116.45088 39.92927 116.41156 39.94216 1
116.42046 39.96497 116.4295 39.93412 1
116.41774 39.94036 116.44977 39.93133 2
116.42259 39.92753 116.42424 39.96586 2
116.41925 39.96028 116.42297 39.92811 2
116.41106 39.94039 116.4496 39.92914 1
116.42822 39.93442 116.42601 39.96699 2
116.44536 39.92876 116.41151 39.93775 1
116.41291 39.93792 116.44355 39.93552 2
116.42009 39.93831 116.44436 39.93697 2
116.42839 39.92884 116.43085 39.96614 1
116.41141 39.96652 116.43108 39.93505 2
116.42528 39.93128 116.42955 39.96167 1
116.42478 39.9306 116.42666 39.96617 1
116.42846 39.95652 116.41637 39.93436 2
