116.33158 39.86433 116.3764 39.85318 2
116.36739 39.87028 116.41241 39.92264 2
116.38249 39.90512 116.34626 39.93782 2
116.39988 39.89941 116.43053 39.87799 1
116.43194 39.84805 116.42455 39.91082 1
116.35066 39.90134 116.40216 39.8905 1
116.41543 39.94497 116.39612 39.95376 1
116.41512 39.90276 116.36141 39.90004 1
116.43948 39.92271 116.37735 39.90326 1
116.35143 39.9379 116.42804 39.93377 1
116.39173 39.89815 116.42462 39.90804 1
116.34519 39.9084 116.37564 39.87032 2
116.36716 39.94666 116.34217 39.94656 1
116.33565 39.88031 116.35264 39.89827 1
116.403 39.94933 116.42084 39.91065 2
116.34859 39.93989 116.40169 39.90666 2
116.42831 39.8599 116.36802 39.85612 1
116.42918 39.95596 116.42763 39.91877 1
116.36775 39.88166 116.34429 39.89841 1
116.36159 39.94423 116.3482 39.94172 2
116.3804 39.95444 116.34286 39.92729 2
116.36644 39.89384 116.41728 39.88123 1
116.41227 39.8604 116.41989 39.89311 1
116.39272 39.90066 116.42794 39.87779 2
116.38436 39.84938 116.34651 39.87696 1
116.42691 39.90472 116.39776 39.89175 2
116.33501 39.88592 116.35115 39.90582 2
116.36936 39.88201 116.40921 39.85678 2
116.36018 39.94657 116.35856 39.90193 1
116.34649 39.93755 116.35003 39.86707 1
116.40626 39.89353 116.39199 39.85985 1
116.41447 39.92803 116.37434 39.91277 1
116.33034 39.86147 116.37299 39.85462 1
116.41036 39.86304 116.35064 39.89457 1
116.37345 39.95703 116.34856 39.93263 2
116.38938 39.8613 116.4297 39.87451 2
116.41062 39.8597 116.4388 39.9351 1
116.44002 39.93673 116.39297 39.91853 2
116.40887 39.86598 116.4106 39.9169 2
116.39771 39.90039 116.34185 39.92339 2
116.36066 39.87132 116.41575 39.92255 2
116.39752 39.90566 116.42773 39.88529 2
116.41496 39.90763 116.43268 39.88786 1
116.43561 39.89121 116.43991 39.93807 1
116.4123 39.91489 116.40571 39.95379 1
116.34533 39.91443 116.37861 39.88436 1
116.33484 39.87056 116.40817 39.86006 2
116.36084 39.88784 116.39543 39.91486 2
116.3938 39.88915 116.36862 39.90461 2
116.36838 39.89542 116.39573 39.91504 2
116.43176 39.94938 116.41874 39.90542 2
116.3462 39.94445 116.40876 39.90333 1
116.40072 39.90302 116.42186 39.90767 2
116.4352 39.94795 116.42516 39.89026 2
116.41006 39.93558 116.41463 39.90276 1
116.36041 39.94659 116.34986 39.93894 2
116.34857 39.90831 116.37985 39.87046 1
116.39828 39.89105 116.36209 39.85631 1
116.39659 39.90531 116.34082 39.9188 2
116.42211 39.84759 116.34359 39.8905 1
