116.40178 39.86721 116.35112 39.90378 5
116.4029 39.86881 116.35154 39.88379 5
116.3418 39.91417 116.37056 39.88265 5
116.33785 39.91993 116.37943 39.94873 5
116.43733 39.88551 116.34076 39.88621 5
116.42733 39.94577 116.34834 39.95119 5
116.3674 39.95062 116.39504 39.93508 5
116.43996 39.85332 116.42862 39.91636 5
116.37699 39.89782 116.42288 39.89728 5
116.4181 39.90565 116.36531 39.91511 5
116.40934 39.87295 116.37669 39.90323 5
116.43004 39.85716 116.42651 39.89576 5
116.3958 39.86159 116.42382 39.90377 5
116.42736 39.9445 116.34184 39.94839 5
116.40362 39.87577 116.35774 39.88024 5
116.35087 39.93397 116.38851 39.95135 5
116.40836 39.89256 116.39563 39.86032 5
116.37446 39.94948 116.34617 39.93478 5
116.4276 39.8602 116.43111 39.89237 5
116.3977 39.95735 116.41781 39.91542 5
116.39993 39.87245 116.36958 39.87478 5
116.42625 39.86179 116.36565 39.85197 5
116.43339 39.95051 116.40279 39.84816 5
116.39074 39.85905 116.4226 39.90161 5
116.39781 39.86335 116.42669 39.89763 5
116.42168 39.86187 116.40981 39.90319 5
116.36109 39.90984 116.42489 39.91874 5
116.40488 39.87024 116.35257 39.89742 5
116.4007 39.86549 116.43032 39.90134 5
116.36378 39.95004 116.3983 39.92978 5
116.3432 39.92029 116.42389 39.90402 5
116.40127 39.92693 116.43632 39.90231 5
116.33307 39.92303 116.38886 39.8883 5
116.36295 39.95691 116.39613 39.93073 5
116.42946 39.8596 116.36927 39.84815 5
116.34934 39.91384 116.37292 39.86929 5
116.33648 39.91207 116.34684 39.94096 5
116.3988 39.95466 116.33452 39.91464 5
116.40052 39.85939 116.42916 39.90681 5
116.41062 39.87135 116.35172 39.90375 5
116.37584 39.95537 116.34214 39.92831 5
116.43776 39.85213 116.42892 39.91411 5
116.43561 39.95489 116.40825 39.85638 5
116.3919 39.8628 116.42773 39.90112 5
116.37981 39.95683 116.34543 39.93674 5
116.35175 39.92887 116.38118 39.95168 5
116.35172 39.93985 116.3551 39.90654 5
116.39208 39.95279 116.41503 39.89314 5
116.35447 39.84835 116.41724 39.84903 5
116.3352 39.90762 116.34347 39.93997 5
