116.37851 39.90061 116.41903 39.9137 5
116.36214 39.94287 116.42939 39.95738 5
116.34933 39.90209 116.38258 39.95133 5
116.35261 39.85586 116.41943 39.85281 5
116.40803 39.86579 116.40433 39.90917 5
116.36734 39.89825 116.43124 39.88697 5
116.41673 39.86995 116.4264 39.90412 5
116.39772 39.89428 116.43257 39.90846 5
116.34388 39.85617 116.36819 39.87274 5
116.36861 39.86848 116.33071 39.95644 5
116.36736 39.90207 116.34427 39.93989 5
116.40507 39.95622 116.43877 39.95489 5
116.36289 39.90641 116.43693 39.89511 5
116.40268 39.86275 116.35207 39.89615 5
116.37614 39.8724 116.41504 39.88164 5
116.36887 39.93293 116.38417 39.89623 5
116.37375 39.86566 116.35903 39.89354 5
116.40099 39.86096 116.44116 39.92992 5
116.35668 39.89685 116.42135 39.89111 5
116.35692 39.84884 116.41263 39.84902 5
116.36277 39.85621 116.42098 39.91611 5
116.37249 39.92128 116.40846 39.95673 5
116.33468 39.88497 116.35595 39.91688 5
116.41122 39.86862 116.42592 39.92566 5
116.41265 39.88593 116.43093 39.85639 5
116.34734 39.89068 116.3884 39.85729 5
116.37711 39.92712 116.42923 39.9168 5
116.43307 39.85549 116.42568 39.91434 5
116.40912 39.85744 116.35324 39.8931 5
116.33337 39.8868 116.36715 39.8604 5
116.42831 39.85547 116.34599 39.89026 5
116.35973 39.88018 116.39244 39.8644 5
116.35655 39.89826 116.42147 39.91271 5
116.37885 39.86946 116.42965 39.87097 5
116.35876 39.88048 116.36789 39.92562 5
116.36812 39.93261 116.38672 39.88835 5
116.3585 39.8706 116.33221 39.88368 5
116.39787 39.89241 116.43906 39.90772 5
116.37202 39.92225 116.40605 39.94824 5
116.36567 39.90417 116.34127 39.94216 5
116.39431 39.89587 116.43997 39.91385 5
116.36027 39.8865 116.37597 39.90638 5
116.43783 39.90382 116.37279 39.84677 5
116.41221 39.8716 116.38823 39.88279 5
116.37027 39.89726 116.44067 39.8945 5
116.34035 39.87695 116.3665 39.90627 5
116.36851 39.94525 116.34558 39.9442 5
116.34246 39.903 116.3474 39.93524 5
116.37747 39.90008 116.34876 39.89333 5
116.34165 39.89976 116.42932 39.91676 5
