116.38238 39.9048 116.40644 39.94608 5
116.34437 39.87837 116.38916 39.87605 5
116.40895 39.94666 116.33228 39.91325 5
116.37828 39.86425 116.35212 39.88937 5
116.41567 39.9209 116.37636 39.88855 5
116.40009 39.92399 116.43368 39.9298 5
116.38761 39.95237 116.34308 39.91325 5
116.34374 39.86473 116.38842 39.89896 5
116.40101 39.8983 116.37008 39.88541 5
116.41772 39.93956 116.37246 39.89056 5
116.37498 39.86543 116.35803 39.89531 5
116.34969 39.86084 116.38902 39.90133 5
116.37841 39.94618 116.42091 39.93273 5
116.39329 39.87433 116.36543 39.87636 5
116.4354 39.89091 116.36818 39.9228 5
116.43369 39.86298 116.41867 39.88207 5
116.38001 39.86095 116.41309 39.90856 5
116.39594 39.92416 116.43896 39.93061 5
116.38129 39.90006 116.34819 39.94725 5
116.39453 39.87359 116.36352 39.87262 5
116.41355 39.94203 116.37353 39.8887 5
116.39392 39.86635 116.42379 39.90609 5
116.4042 39.94601 116.43994 39.94471 5
116.39128 39.92337 116.43831 39.93427 5
116.3858 39.90152 116.40305 39.94218 5
116.41758 39.8482 116.42855 39.89639 5
116.39321 39.91828 116.43191 39.93182 5
116.39295 39.92618 116.43309 39.92889 5
116.41989 39.9389 116.39752 39.95403 5
116.40006 39.93445 116.43169 39.94421 5
116.37705 39.85889 116.35447 39.89628 5
116.37594 39.86514 116.41098 39.90867 5
116.3958 39.86066 116.42111 39.90561 5
116.33468 39.92346 116.38263 39.89464 5
116.4274 39.90074 116.39362 39.89407 5
116.3916 39.86684 116.36808 39.87348 5
116.41869 39.85536 116.42723 39.88824 5
116.34163 39.87727 116.39036 39.87089 5
116.41785 39.94538 116.43617 39.91546 5
116.3975 39.87662 116.36482 39.8751 5
116.38371 39.94538 116.3499 39.94984 5
116.38962 39.95243 116.34542 39.89844 5
116.43472 39.90833 116.39541 39.92554 5
116.34216 39.88092 116.3887 39.87486 5
116.3756 39.88371 116.36596 39.86618 5
116.39136 39.87085 116.36043 39.86728 5
116.37706 39.94743 116.4192 39.92926 5
116.42953 39.95185 116.4139 39.93621 5
116.34662 39.85964 116.39048 39.90099 5
116.34521 39.86314 116.38839 39.90405 5
