116.34907 39.95748 116.37157 39.93791
116.40614 39.95689 116.43065 39.91116
116.3498 39.91714 116.37382 39.87257
116.41546 39.92078 116.40165 39.94873
116.36336 39.89453 116.39355 39.91413
116.36673 39.85564 116.41956 39.88634
116.41965 39.85656 116.36196 39.9095
116.41604 39.86561 116.41587 39.89126
116.36102 39.87649 116.39482 39.8998
116.40029 39.95746 116.33823 39.91254
116.39653 39.84668 116.36188 39.87975
116.37221 39.92654 116.40251 39.95654
116.43093 39.85942 116.37047 39.85201
116.41856 39.91426 116.41732 39.93946
116.40074 39.93318 116.43161 39.93773
116.37044 39.89206 116.39184 39.91547
116.41207 39.86128 116.38567 39.85028
116.38107 39.94186 116.4349 39.947
116.41303 39.91178 116.41934 39.94192
116.37609 39.86116 116.41726 39.90819
116.42022 39.88084 116.43042 39.85079
116.35834 39.89123 116.42963 39.93492
116.36019 39.94109 116.42385 39.93092
116.34224 39.89173 116.34372 39.94024
116.36484 39.85693 116.34486 39.89597
116.34186 39.89186 116.34896 39.94178
116.33917 39.85798 116.37516 39.84974
116.41506 39.93428 116.37475 39.91284
116.36834 39.9456 116.34938 39.94676
116.35487 39.8883 116.43549 39.89179
