116.41546 39.92078 116.40165 39.94873
116.39359 39.95743 116.33427 39.91433
116.38605 39.84988 116.33315 39.88996
116.39969 39.8824 116.43695 39.92802
116.42018 39.87788 116.42435 39.84758
116.36078 39.8472 116.34255 39.87379
116.37221 39.92654 116.40251 39.95654
116.43828 39.90436 116.36306 39.9442
116.33061 39.90099 116.37447 39.93175
116.41303 39.91178 116.41934 39.94192
116.34314 39.86713 116.38023 39.89418
116.42022 39.88084 116.43042 39.85079
116.43744 39.91334 116.41576 39.95191
116.40836 39.85151 116.41453 39.91491
116.37177 39.86879 116.42085 39.88111
116.38107 39.94186 116.4349 39.947
116.37609 39.86116 116.41726 39.90819
116.35799 39.94285 116.35307 39.89882
116.36834 39.9456 116.34938 39.94676
116.43093 39.85942 116.37047 39.85201
116.35096 39.93875 116.35905 39.90355
116.36102 39.87649 116.39482 39.8998
116.43348 39.91622 116.39619 39.92236
116.40155 39.91918 116.42601 39.93986
116.39572 39.87368 116.36909 39.8674
116.41506 39.93428 116.37475 39.91284
116.35245 39.93565 116.38322 39.95341
116.3659 39.85928 116.34676 39.89295
116.41207 39.86128 116.38567 39.85028
116.44066 39.91508 116.43887 39.94752
116.36826 39.85955 116.42058 39.87664
116.33917 39.85798 116.37516 39.84974
116.35487 39.8883 116.43549 39.89179
116.38832 39.94659 116.4331 39.93963
116.41358 39.91071 116.40947 39.9506
116.40074 39.93318 116.43161 39.93773
116.37052 39.86447 116.34176 39.89547
116.4325 39.89773 116.37633 39.85576
116.39653 39.84668 116.36188 39.87975
116.44045 39.9088 116.39388 39.92505
116.41449 39.85652 116.38097 39.84857
116.34907 39.95748 116.37157 39.93791
116.40614 39.95689 116.43065 39.91116
116.41856 39.91426 116.41732 39.93946
116.37836 39.87739 116.41402 39.94875
116.36031 39.91121 116.33626 39.89459
116.36019 39.94109 116.42385 39.93092
116.35834 39.89123 116.42963 39.93492
116.35855 39.93826 116.35326 39.89782
116.34186 39.89186 116.34896 39.94178
116.34224 39.89173 116.34372 39.94024
116.41965 39.85656 116.36196 39.9095
116.42601 39.94432 116.34332 39.95418
116.43526 39.87041 116.41372 39.90344
116.43625 39.94492 116.36598 39.90104
116.36673 39.85564 116.41956 39.88634
116.38849 39.95465 116.4237 39.89823
116.36951 39.86045 116.34472 39.89355
116.41416 39.95395 116.38319 39.89898
116.37044 39.89206 116.39184 39.91547
116.43038 39.85439 116.34597 39.89515
116.39291 39.87879 116.43161 39.93302
116.34972 39.90559 116.36125 39.89639
116.36337 39.91577 116.38866 39.89036
116.36539 39.87905 116.41832 39.88854
116.40029 39.95746 116.33823 39.91254
116.36336 39.89453 116.39355 39.91413
116.3498 39.91714 116.37382 39.87257
116.42911 39.85967 116.40958 39.90645
116.41604 39.86561 116.41587 39.89126
116.3389 39.86323 116.37675 39.85509
116.36484 39.85693 116.34486 39.89597
116.37684 39.9175 116.41057 39.9503
116.4237 39.93187 116.38702 39.88733
116.39165 39.89325 116.4305 39.8985
116.34401 39.84993 116.36773 39.87415
116.37892 39.91421 116.41294 39.9046
116.40829 39.89241 116.39111 39.85804
116.41445 39.85333 116.435 39.90432
116.3688 39.89841 116.34544 39.94732
116.43593 39.91102 116.42488 39.9471
116.42192 39.9384 116.34894 39.95641
116.41611 39.90508 116.3882 39.94849
116.33825 39.86397 116.37645 39.85301
116.43656 39.94708 116.42644 39.90652
116.42283 39.87251 116.40325 39.9209
116.33307 39.90102 116.37421 39.92985
116.34388 39.94257 116.34937 39.86675
116.41295 39.85807 116.38855 39.84922
116.33164 39.86091 116.37348 39.84823
116.38465 39.86508 116.42983 39.93085
116.39464 39.89232 116.3607 39.84906
116.34943 39.91176 116.37665 39.87766
116.4355 39.91403 116.39663 39.9236
116.44033 39.89508 116.40975 39.89892
116.33037 39.89849 116.37192 39.93624
116.43997 39.85612 116.4222 39.91251
116.41582 39.92313 116.3798 39.88919
116.43305 39.87587 116.42193 39.89746
116.33232 39.8634 116.37272 39.85178
116.4376 39.91066 116.41941 39.9495
116.41634 39.90365 116.38997 39.85367
116.33498 39.88652 116.3561 39.912
116.43621 39.86133 116.41894 39.88318
116.3673 39.9356 116.38279 39.89055
116.4079 39.8529 116.43315 39.89328
116.43256 39.93257 116.39558 39.92592
116.37245 39.9116 116.41752 39.90643
116.41006 39.94732 116.42455 39.9291
116.4112 39.85396 116.42846 39.89075
116.35336 39.90984 116.34012 39.88692
116.43841 39.91567 116.42003 39.95302
116.43855 39.86897 116.42913 39.90599
116.38074 39.94601 116.34072 39.9523
116.43685 39.94079 116.36196 39.89828
116.38826 39.88619 116.42483 39.89477
116.38317 39.90412 116.4208 39.90769
116.37551 39.87796 116.38091 39.84821
116.3714 39.91687 116.41241 39.90037
116.40792 39.95659 116.40721 39.90513
116.42424 39.89694 116.38247 39.89856
116.37859 39.86864 116.41909 39.8853
116.39715 39.89315 116.36524 39.8469
116.36958 39.85396 116.41904 39.90772
116.4351 39.88877 116.37074 39.95338
116.43226 39.85628 116.42311 39.91096
116.36653 39.95489 116.39775 39.92731
116.39852 39.95189 116.33738 39.91303
116.38996 39.90688 116.40493 39.94681
116.36109 39.95611 116.39938 39.93707
116.35834 39.88609 116.3475 39.91822
116.35242 39.89172 116.43424 39.89395
116.40701 39.85424 116.43807 39.89134
116.43118 39.90484 116.37442 39.85606
116.40145 39.95348 116.435 39.952
116.40679 39.86623 116.43835 39.93059
116.33158 39.85853 116.37394 39.85095
116.36062 39.94091 116.34363 39.93785
116.33224 39.8611 116.37148 39.84906
116.428 39.90388 116.42612 39.95205
116.42004 39.88022 116.4266 39.85454
116.39311 39.8701 116.36899 39.86819
116.41874 39.90065 116.38443 39.85575
116.38653 39.95033 116.37188 39.93018
116.40064 39.94974 116.41544 39.91191
116.38513 39.90065 116.37263 39.88528
116.33914 39.87684 116.3573 39.90585
116.33589 39.93488 116.37526 39.95442
116.35483 39.88471 116.39975 39.85932
116.41646 39.91473 116.40163 39.95754
116.36461 39.8622 116.41722 39.87172
116.40534 39.92684 116.43919 39.94658
116.39954 39.89079 116.36167 39.89722
116.43061 39.88653 116.42164 39.91928
116.42539 39.90339 116.3791 39.90248
116.33573 39.93031 116.37225 39.95232
116.34417 39.87204 116.37839 39.89706
116.43596 39.90923 116.43979 39.95215
116.36269 39.89062 116.41766 39.88436
116.36153 39.89364 116.41204 39.87871
116.34641 39.95311 116.37577 39.947
116.37098 39.90555 116.34595 39.86824
116.37934 39.91456 116.41197 39.90068
116.35743 39.93618 116.38819 39.95308
116.34466 39.92144 116.42323 39.89849
116.43398 39.90934 116.41305 39.95372
116.42893 39.94408 116.34714 39.9561
116.3886 39.88315 116.422 39.89654
116.42445 39.89821 116.3627 39.92089
116.36449 39.85809 116.34425 39.8915
116.38443 39.84995 116.34071 39.88647
116.4396 39.85536 116.42329 39.9169
116.44085 39.89967 116.36252 39.94089
116.33663 39.9115 116.3484 39.94568
116.43058 39.88577 116.42672 39.9176
116.39365 39.86782 116.36988 39.86994
116.39661 39.85483 116.41295 39.86435
116.3571 39.93752 116.35817 39.90663
116.38171 39.86226 116.43058 39.87042
116.37585 39.92784 116.40857 39.94745
116.41376 39.93103 116.37311 39.91624
116.3618 39.85395 116.42037 39.88326
116.40059 39.89381 116.34332 39.89057
116.38049 39.87134 116.42538 39.87073
116.38242 39.90065 116.34438 39.95721
116.4171 39.85471 116.34451 39.8704
116.41281 39.8847 116.4288 39.85336
116.40619 39.86409 116.35851 39.89335
116.39342 39.84745 116.36932 39.87495
116.3332 39.92365 116.37565 39.95468
116.44036 39.95476 116.42638 39.88898
116.34885 39.92624 116.34246 39.95159
116.3852 39.86993 116.35638 39.88378
116.40192 39.89774 116.3669 39.93457
116.43616 39.87343 116.41733 39.8995
116.40707 39.90236 116.36633 39.9292
116.41403 39.85565 116.342 39.86962
116.36511 39.9514 116.3975 39.93342
116.35451 39.94886 116.35041 39.89709
116.35335 39.89345 116.35563 39.93634
116.41619 39.9526 116.37962 39.95333
116.36799 39.86711 116.41505 39.92204
116.39802 39.95144 116.41518 39.90853
116.37721 39.85168 116.33305 39.88147
116.43333 39.90984 116.44028 39.95592
116.36588 39.93485 116.38193 39.89482
116.37495 39.87032 116.4248 39.86961
116.41941 39.936 116.43521 39.90254
116.41749 39.89498 116.36066 39.89936
116.33758 39.9359 116.37316 39.94758
116.42614 39.8889 116.42797 39.93275
116.37188 39.88929 116.41555 39.91081
116.4135 39.89249 116.4306 39.84808
116.44044 39.86264 116.34524 39.8845
116.3768 39.87226 116.43051 39.8738
116.39293 39.89347 116.36581 39.84857
116.38821 39.84851 116.41369 39.90298
116.33978 39.8637 116.37634 39.85329
116.36951 39.85732 116.34186 39.89035
116.36997 39.90734 116.42911 39.91735
116.37869 39.92448 116.40649 39.9538
116.40235 39.86568 116.35514 39.8884
116.35678 39.8786 116.36217 39.91781
116.40978 39.95011 116.41431 39.90721
116.40268 39.94099 116.35069 39.95156
116.42823 39.88919 116.4227 39.93056
116.37369 39.92635 116.40782 39.95404
116.40435 39.89949 116.36131 39.93008
116.39432 39.87522 116.3686 39.87257
116.42854 39.88292 116.43067 39.91716
116.42386 39.94068 116.34024 39.95435
116.33523 39.9257 116.38788 39.89038
116.43457 39.87015 116.41299 39.89808
116.36098 39.86996 116.39579 39.89747
116.36692 39.9407 116.4241 39.95149
116.3617 39.91923 116.40436 39.87537
116.43903 39.94372 116.3872 39.90093
116.39563 39.90642 116.42853 39.87884
116.35075 39.93909 116.35977 39.90324
116.41609 39.88981 116.36051 39.90513
116.36302 39.85703 116.41826 39.86917
116.39755 39.85561 116.41185 39.85831
116.36525 39.91158 116.38311 39.89397
116.38298 39.95494 116.37929 39.93714
116.43266 39.95193 116.4214 39.88699
116.39736 39.95136 116.41571 39.89452
116.40829 39.86511 116.41088 39.91283
116.37435 39.86101 116.35661 39.896
116.33986 39.86401 116.3751 39.84738
116.38023 39.91292 116.41683 39.89796
116.41762 39.9161 116.43445 39.89388
116.35712 39.94742 116.42471 39.93039
116.34014 39.89981 116.37883 39.93674
116.3525 39.94153 116.42499 39.93077
116.34283 39.84713 116.36192 39.86895
116.41744 39.91006 116.40686 39.95002
116.43734 39.94562 116.36093 39.90688
116.43327 39.91538 116.42452 39.94471
116.41671 39.92076 116.37821 39.88819
116.415 39.93613 116.37183 39.91608
116.3615 39.94448 116.42141 39.95293
116.40278 39.93974 116.35085 39.95156
116.42336 39.90272 116.38966 39.86671
116.40985 39.91184 116.42761 39.88922
116.4159 39.92143 116.38008 39.91772
116.42827 39.88725 116.3855 39.95075
116.43521 39.89544 116.40468 39.90171
116.40514 39.94856 116.40876 39.90132
116.40757 39.86088 116.43125 39.93091
116.3638 39.87446 116.33702 39.95742
116.33467 39.93085 116.3759 39.95741
116.38584 39.8713 116.34185 39.87893
116.36173 39.84797 116.35986 39.885
116.41199 39.92101 116.3409 39.93258
116.42883 39.89236 116.37409 39.90322
116.43999 39.91536 116.43323 39.95218
116.34177 39.95231 116.37466 39.9454
116.36261 39.89141 116.41572 39.88425
116.43557 39.91372 116.42386 39.93749
116.34347 39.88314 116.34083 39.92703
116.43361 39.86664 116.42156 39.91143
116.41736 39.93275 116.43314 39.90537
116.34256 39.93917 116.40397 39.90526
116.37185 39.91262 116.41902 39.90529
116.35083 39.89213 116.43616 39.89673
116.36021 39.94217 116.42826 39.93188
116.37961 39.87467 116.35269 39.9017
116.37597 39.9303 116.40421 39.94995
116.37593 39.92607 116.42922 39.90805
116.3688 39.95232 116.39669 39.93226
116.43332 39.90402 116.36831 39.94485
116.41463 39.91692 116.43798 39.8917
116.35817 39.95054 116.35434 39.89792
116.40694 39.8565 116.43785 39.93027
116.35951 39.9366 116.38266 39.95282
116.41854 39.84822 116.42376 39.88928
116.35351 39.9085 116.33337 39.89624
116.42123 39.95628 116.42123 39.92554
116.35469 39.916 116.33657 39.88996
116.37403 39.90911 116.41241 39.89922
