116.37579 39.90036 116.42734 39.95043 5
116.42172 39.94621 116.3404 39.95386 5
116.40229 39.92068 116.43711 39.94595 5
116.43961 39.85918 116.41829 39.87964 5
116.43373 39.88941 116.33492 39.92334 5
116.34786 39.94385 116.34955 39.87253 5
116.39106 39.89713 116.42673 39.8844 5
116.37709 39.90312 116.42433 39.94831 5
116.34214 39.86305 116.38423 39.89854 5
116.43679 39.89749 116.42824 39.9464 5
116.41135 39.86196 116.42073 39.89403 5
116.33523 39.86972 116.40767 39.85647 5
116.3308 39.86164 116.37735 39.85133 5
116.33668 39.86588 116.37728 39.85185 5
116.42631 39.92774 116.43067 39.90758 5
116.42244 39.9267 116.41107 39.88247 5
116.37094 39.91712 116.42992 39.91139 5
116.42449 39.92117 116.41902 39.88292 5
116.44059 39.84969 116.4287 39.90797 5
116.42859 39.94503 116.34575 39.94992 5
116.33903 39.86294 116.37551 39.85235 5
116.42615 39.93874 116.34987 39.95456 5
116.33389 39.89251 116.36697 39.85773 5
116.36508 39.8527 116.35854 39.88488 5
116.38579 39.88608 116.42367 39.89316 5
116.41169 39.86019 116.3652 39.91292 5
116.33567 39.8747 116.40425 39.86556 5
116.33152 39.89229 116.42106 39.90058 5
116.33106 39.93654 116.37063 39.94905 5
116.41131 39.86258 116.36944 39.91159 5
116.37849 39.86234 116.35837 39.89116 5
116.35687 39.91362 116.33646 39.88796 5
116.40472 39.92701 116.42609 39.94546 5
116.36029 39.84726 116.41616 39.8492 5
116.39184 39.84935 116.43986 39.86721 5
116.43467 39.90004 116.37964 39.84991 5
116.43582 39.8985 116.37177 39.85552 5
116.39794 39.87419 116.361 39.87553 5
116.33598 39.86559 116.37233 39.85365 5
116.39327 39.8526 116.41271 39.86423 5
116.42217 39.88599 116.4229 39.91748 5
116.40503 39.87502 116.35862 39.89959 5
116.35948 39.85366 116.41522 39.85241 5
116.44015 39.90266 116.37973 39.85086 5
116.34255 39.93749 116.41057 39.90476 5
116.35017 39.86304 116.38311 39.902 5
116.43918 39.89357 116.36473 39.91076 5
116.3961 39.87212 116.3617 39.87558 5
116.42882 39.95011 116.41388 39.93552 5
116.39293 39.8522 116.43734 39.87462 5
