116.41141 39.93171 116.43185 39.9051 5
116.43285 39.91395 116.42843 39.94498 5
116.38361 39.94913 116.39531 39.85452 5
116.40001 39.85426 116.36078 39.87319 5
116.37145 39.88244 116.36413 39.86468 5
116.35249 39.90616 116.40219 39.89451 5
116.43402 39.90564 116.3772 39.84825 5
116.43083 39.84841 116.34686 39.89497 5
116.41864 39.93381 116.4394 39.90461 5
116.33604 39.89738 116.37103 39.93126 5
116.33592 39.90567 116.3731 39.92806 5
116.4005 39.92146 116.43701 39.9285 5
116.39507 39.85068 116.43273 39.86594 5
116.4009 39.84902 116.36405 39.869 5
116.37344 39.87902 116.41377 39.9498 5
116.41895 39.94964 116.38751 39.89848 5
116.38465 39.9568 116.34028 39.90626 5
116.41311 39.86732 116.37216 39.86006 5
116.3346 39.9269 116.38623 39.89095 5
116.38356 39.86371 116.36473 39.89439 5
116.3301 39.90321 116.37684 39.93047 5
116.43646 39.90603 116.41952 39.92559 5
116.36915 39.86895 116.33559 39.94938 5
116.36742 39.8667 116.42068 39.92049 5
116.4125 39.92886 116.37428 39.90751 5
116.43581 39.86543 116.34603 39.88595 5
116.36672 39.84963 116.41624 39.88413 5
116.39359 39.9207 116.43362 39.92747 5
116.37193 39.93269 116.40306 39.9519 5
116.41739 39.91482 116.40326 39.94789 5
116.35491 39.90227 116.40233 39.89193 5
116.41128 39.93668 116.37576 39.90717 5
116.41612 39.95743 116.38112 39.90599 5
116.36173 39.85944 116.41374 39.86732 5
116.37002 39.86974 116.3323 39.94996 5
116.40511 39.85327 116.38073 39.84858 5
116.37538 39.93059 116.40596 39.95425 5
116.33057 39.90421 116.37463 39.93434 5
116.41398 39.93269 116.37239 39.90785 5
116.36519 39.86764 116.41991 39.92252 5
116.336 39.9067 116.3737 39.92951 5
116.36721 39.87444 116.41718 39.91758 5
116.41845 39.93024 116.4411 39.90593 5
116.38436 39.9536 116.39433 39.84715 5
116.41192 39.86802 116.4269 39.9256 5
116.4283 39.93036 116.38145 39.89035 5
116.41801 39.91787 116.3785 39.89589 5
116.41255 39.91923 116.37404 39.92419 5
116.37108 39.93893 116.41419 39.93623 5
116.43141 39.88205 116.34587 39.87838 5
