116.43937 39.92449 116.3982 39.90249 1
116.41598 39.90401 116.39356 39.95381 2
116.34617 39.86512 116.38998 39.89874 2
116.362 39.93604 116.38487 39.89177 1
116.39134 39.93169 116.43694 39.94067 2
116.4154 39.9425 116.3917 39.94848 2
116.42399 39.90099 116.40117 39.84894 2
116.36214 39.95527 116.4133 39.90713 1
116.39744 39.90032 116.34512 39.92461 1
116.39564 39.87345 116.36057 39.87352 1
116.34934 39.86668 116.3754 39.91637 1
116.37177 39.89939 116.43088 39.89828 1
116.398 39.89211 116.36953 39.85229 2
116.43134 39.89728 116.4146 39.92242 2
116.42217 39.88987 116.39642 39.90671 1
116.4369 39.89055 116.36774 39.92455 1
116.35213 39.89173 116.42607 39.89398 1
116.41424 39.89094 116.42294 39.84796 2
116.37342 39.85786 116.35721 39.88884 2
116.38848 39.90218 116.42094 39.91196 2
116.37341 39.86315 116.35278 39.88939 1
116.33165 39.91399 116.3447 39.94738 1
116.37629 39.95356 116.41987 39.94284 1
116.4399 39.89662 116.40329 39.89783 2
116.34078 39.87439 116.41749 39.85131 1
116.40268 39.9175 116.44081 39.93851 2
116.37127 39.90206 116.42509 39.90444 2
116.42393 39.84647 116.34072 39.88961 2
116.33645 39.87996 116.35909 39.89785 2
116.36743 39.90454 116.41303 39.85368 2
116.43054 39.91716 116.3971 39.95474 2
116.39283 39.86034 116.42277 39.90465 1
116.36529 39.92853 116.38981 39.89134 1
116.37733 39.85772 116.35801 39.89399 2
116.37211 39.84707 116.33417 39.8842 2
116.41181 39.86507 116.38169 39.85538 1
116.37683 39.9374 116.41946 39.93684 1
116.36099 39.87539 116.33493 39.94857 1
116.33964 39.90706 116.34054 39.9428 2
116.40367 39.92011 116.43788 39.90615 1
116.44108 39.8915 116.36298 39.9236 2
116.43269 39.9309 116.39409 39.92452 1
116.43138 39.9006 116.43054 39.94286 2
116.3337 39.91628 116.35012 39.94291 1
116.39095 39.87191 116.3692 39.87431 2
116.39392 39.86574 116.42782 39.90023 2
116.36783 39.87383 116.33061 39.94957 1
116.36228 39.92797 116.38261 39.88947 1
116.34242 39.85213 116.36973 39.87397 2
116.39782 39.87725 116.43862 39.93538 1
116.34416 39.86312 116.38354 39.90007 2
116.40474 39.89331 116.39174 39.86369 2
116.42642 39.92201 116.39246 39.9501 2
116.3431 39.85107 116.36308 39.86783 2
116.42462 39.95632 116.3343 39.92587 1
116.42937 39.8766 116.41906 39.90416 1
116.43382 39.89782 116.42264 39.94021 1
116.40335 39.92208 116.43714 39.89746 1
116.41808 39.88161 116.42797 39.85454 1
116.43169 39.93755 116.42195 39.90534 2
116.40134 39.95353 116.40427 39.90644 1
116.42136 39.85051 116.34238 39.88996 2
116.42774 39.92428 116.39722 39.89057 1
116.3839 39.89919 116.34514 39.9509 1
116.39459 39.886 116.43507 39.93478 2
116.41932 39.86321 116.36084 39.91636 1
116.34701 39.86543 116.3822 39.90231 1
116.3553 39.94323 116.35893 39.90128 1
116.37317 39.91336 116.41196 39.90634 2
116.34503 39.91329 116.37936 39.87546 2
116.35536 39.87698 116.36764 39.92206 1
116.34528 39.94782 116.37538 39.9391 2
116.40824 39.91757 116.42509 39.94576 2
116.36481 39.95403 116.39669 39.93173 2
116.42211 39.85421 116.34659 39.89377 2
116.4372 39.89894 116.36776 39.94521 2
116.37322 39.92012 116.40626 39.95655 2
116.39704 39.93235 116.43706 39.94387 1
116.43855 39.89273 116.40736 39.90377 1
116.40791 39.84923 116.37639 39.87589 2
116.40668 39.91948 116.43361 39.90562 1
116.33958 39.91911 116.39002 39.88809 1
116.38221 39.93057 116.33814 39.92043 2
116.38721 39.89926 116.34943 39.95153 1
116.37999 39.94352 116.41222 39.93289 2
116.34546 39.86713 116.37967 39.91644 1
116.34321 39.914 116.37607 39.87364 1
116.40464 39.85088 116.41911 39.91016 1
116.41822 39.94989 116.42822 39.90145 2
116.43373 39.89144 116.33097 39.92132 1
116.42422 39.87012 116.42097 39.90289 1
116.39343 39.89013 116.36781 39.85046 1
116.37038 39.90889 116.42334 39.9219 2
116.34677 39.84736 116.36336 39.87138 1
116.37703 39.85667 116.4201 39.91517 2
116.34626 39.95482 116.38027 39.94297 1
116.42387 39.89506 116.42509 39.93459 2
116.33543 39.87764 116.35688 39.90882 1
116.3428 39.86503 116.38858 39.90001 2
116.34029 39.9043 116.42205 39.91492 1
