116.37879 39.94981 116.34603 39.92983 2
116.36205 39.86998 116.39213 39.90108 2
116.36813 39.90504 116.34505 39.94046 2
116.42788 39.88267 116.42669 39.92605 2
116.4278 39.92463 116.421 39.95198 1
116.41946 39.91631 116.41964 39.94589 2
116.36934 39.85535 116.41709 39.88242 1
116.3553 39.91341 116.33168 39.88726 2
116.33712 39.88448 116.35715 39.90079 2
116.39749 39.92391 116.43691 39.93163 1
116.41329 39.85025 116.42311 39.89768 1
116.37005 39.87387 116.41768 39.92459 2
116.42805 39.86892 116.41603 39.90144 1
116.41543 39.92532 116.34799 39.93712 1
116.43945 39.94282 116.40826 39.88682 1
116.39332 39.89564 116.36949 39.90689 2
116.33724 39.87799 116.35395 39.8999 1
116.42548 39.86756 116.40447 39.92307 1
116.3942 39.92827 116.43699 39.94469 1
116.35655 39.90987 116.33585 39.88947 1
116.41821 39.85421 116.44039 39.90256 2
116.38804 39.85976 116.42935 39.92923 1
116.41819 39.93587 116.44122 39.90448 2
116.36431 39.93963 116.42359 39.94863 1
116.43749 39.88214 116.34858 39.88371 2
116.43761 39.85229 116.42918 39.90783 1
116.42911 39.94931 116.4311 39.92253 2
116.39241 39.92322 116.43992 39.93056 2
116.36753 39.91449 116.38244 39.93905 2
116.3635 39.91542 116.39053 39.93845 1
116.43 39.89822 116.3334 39.85514 1
116.41582 39.89641 116.42393 39.85586 1
116.41459 39.89203 116.42974 39.85639 2
116.40829 39.85526 116.38368 39.8548 2
116.41516 39.85191 116.34762 39.87278 1
116.33572 39.89738 116.37178 39.9311 1
116.38892 39.87398 116.35205 39.87696 1
116.39848 39.93241 116.4316 39.94192 1
116.35245 39.90903 116.33707 39.89098 2
116.37277 39.94917 116.34307 39.93258 2
116.37664 39.84931 116.33317 39.88348 1
116.36649 39.87566 116.33389 39.95625 1
116.42684 39.89822 116.3936 39.89592 2
116.4093 39.93587 116.4166 39.90592 1
116.35578 39.87603 116.3381 39.88103 2
116.42597 39.90472 116.38497 39.86829 2
116.41397 39.90755 116.43248 39.88728 2
116.34619 39.88163 116.3649 39.89735 1
116.40111 39.89272 116.3923 39.86353 2
116.40776 39.89671 116.39483 39.86507 2
116.36446 39.84847 116.41469 39.88372 1
116.36564 39.87309 116.4161 39.92556 2
116.43707 39.87696 116.38817 39.89073 2
116.42699 39.9182 116.40012 39.95153 1
116.36617 39.8474 116.35086 39.88396 1
116.38421 39.87432 116.35359 39.88653 1
116.43506 39.86572 116.41721 39.88285 2
116.42427 39.92048 116.41558 39.87732 2
116.36311 39.8874 116.39133 39.91359 2
116.35756 39.95154 116.35413 39.89769 2
116.42133 39.95087 116.34019 39.92445 2
116.33517 39.85783 116.3798 39.85634 1
116.34917 39.88457 116.3864 39.86769 1
116.37797 39.95625 116.41284 39.94405 1
116.40893 39.91587 116.36689 39.9061 2
116.33512 39.87816 116.35203 39.903 2
116.41 39.93344 116.41534 39.90138 2
116.41406 39.9557 116.36128 39.95265 2
116.34773 39.90449 116.38111 39.95568 1
116.39245 39.91877 116.43425 39.93418 1
116.37807 39.87343 116.41469 39.878 1
116.42905 39.87122 116.40857 39.92025 1
116.33533 39.88135 116.35535 39.9117 1
116.39773 39.91967 116.43455 39.93569 2
116.37822 39.86777 116.41745 39.87999 2
116.36454 39.87485 116.39311 39.90689 2
116.38721 39.86605 116.36726 39.88698 1
116.4367 39.88525 116.41891 39.91601 2
116.34067 39.87297 116.37474 39.89938 2
116.39655 39.89402 116.36884 39.90161 1
116.40488 39.93196 116.42528 39.89878 1
116.34827 39.89333 116.41609 39.88893 2
116.35989 39.91439 116.33653 39.88708 1
116.35407 39.86873 116.3329 39.87449 1
116.33152 39.86168 116.37341 39.85581 1
116.41453 39.89693 116.39953 39.95206 2
116.35491 39.84848 116.41935 39.85387 2
116.42721 39.95454 116.33077 39.91897 2
116.43113 39.88621 116.43055 39.91754 1
116.39538 39.92199 116.4321 39.93328 2
116.4287 39.94979 116.37065 39.947 1
116.40081 39.87051 116.36318 39.87448 2
116.35742 39.87453 116.33589 39.87909 2
116.42068 39.90978 116.43973 39.88988 2
116.37961 39.89404 116.40271 39.85146 1
116.43919 39.85947 116.42044 39.87969 2
116.43428 39.85797 116.41401 39.88343 2
116.41868 39.92128 116.37568 39.92208 1
116.33419 39.91307 116.34681 39.9422 1
116.41323 39.95273 116.38642 39.89844 1
