116.43284 39.87014 116.4215 39.9033 2
116.42977 39.90774 116.38883 39.92655 2
116.40005 39.88349 116.43559 39.93239 1
116.40965 39.86644 116.43504 39.9321 1
116.42198 39.90667 116.42538 39.85503 2
116.42739 39.93138 116.42661 39.91002 1
116.43053 39.93117 116.38322 39.89116 1
116.34396 39.84698 116.36395 39.87151 2
116.41503 39.9167 116.41037 39.95458 2
116.41184 39.94757 116.33018 39.90672 2
116.33991 39.90703 116.34875 39.94689 1
116.34112 39.88943 116.38904 39.86179 1
116.35888 39.90956 116.33456 39.89199 2
116.33613 39.88957 116.36754 39.86008 2
116.4144 39.90179 116.39884 39.95297 2
116.40572 39.90217 116.36206 39.93367 1
116.4255 39.89743 116.38268 39.90552 2
116.34053 39.89448 116.41275 39.89388 2
116.3372 39.8785 116.35595 39.90764 2
116.40941 39.87218 116.37556 39.89698 1
116.39679 39.95099 116.41413 39.89594 2
116.34121 39.84863 116.36185 39.8745 1
116.39732 39.91776 116.43615 39.93138 2
116.39533 39.85776 116.42583 39.9039 1
116.41848 39.93054 116.43779 39.90305 2
116.40235 39.93329 116.41842 39.90333 1
116.35621 39.94163 116.35452 39.90459 1
116.39395 39.92205 116.43232 39.93682 2
116.41165 39.93113 116.37955 39.9165 1
116.39688 39.85854 116.42251 39.90416 1
116.40945 39.85299 116.37917 39.87598 2
116.37707 39.95552 116.4183 39.94276 2
116.33343 39.90802 116.34854 39.94092 1
116.42402 39.92869 116.42252 39.91015 1
116.36229 39.86417 116.4144 39.87272 1
116.33962 39.88011 116.357 39.91538 2
116.35249 39.95225 116.35402 39.90437 2
116.39834 39.91814 116.44035 39.93373 1
116.37104 39.92454 116.3797 39.89775 2
116.3591 39.88684 116.43875 39.89552 1
116.39028 39.88595 116.42638 39.88777 2
116.34995 39.90222 116.36412 39.89038 1
116.36773 39.94266 116.3438 39.94653 2
116.34815 39.89261 116.34866 39.94269 2
116.35032 39.90166 116.42674 39.91633 1
116.38525 39.88068 116.42113 39.89299 2
116.43174 39.91232 116.44098 39.94981 1
116.3849 39.94896 116.42778 39.90649 1
116.4074 39.86983 116.35057 39.9012 1
116.38404 39.95258 116.37306 39.93378 2
116.34124 39.88628 116.38196 39.86819 2
116.40347 39.89189 116.3969 39.86148 2
116.34085 39.90151 116.36557 39.89089 2
116.39396 39.93223 116.4412 39.93781 2
116.38634 39.8683 116.34777 39.87701 1
116.42105 39.94289 116.39818 39.95047 1
116.43742 39.86527 116.4153 39.87945 2
116.34981 39.9506 116.37576 39.93813 2
116.3396 39.9269 116.38547 39.88761 2
116.42404 39.9327 116.43024 39.91481 2
116.41816 39.93236 116.43988 39.90512 1
116.40097 39.89155 116.39776 39.86195 2
116.41964 39.89025 116.36521 39.89949 2
116.41316 39.9329 116.43834 39.89845 2
116.40405 39.90341 116.36774 39.93628 1
116.39223 39.87671 116.44108 39.93557 2
116.34763 39.93696 116.43064 39.93589 2
116.36843 39.93243 116.38716 39.89347 1
116.36913 39.87178 116.39292 39.90658 1
116.41825 39.92783 116.44111 39.90305 1
116.35998 39.92788 116.38615 39.9525 2
116.39171 39.92829 116.43519 39.94482 2
116.36739 39.86038 116.4205 39.86965 1
116.34429 39.88382 116.36496 39.90158 1
116.36222 39.93928 116.34143 39.9437 2
116.41773 39.89501 116.3613 39.8982 1
116.33248 39.92881 116.3756 39.94912 2
116.4169 39.93591 116.37591 39.91546 1
116.39981 39.88071 116.43509 39.9295 1
116.36481 39.93161 116.38721 39.89602 1
116.40143 39.89196 116.39826 39.86066 1
116.38211 39.88088 116.42392 39.88944 1
116.38507 39.85505 116.41182 39.8709 1
116.33783 39.91359 116.34022 39.93989 1
116.42836 39.90631 116.37986 39.90588 2
116.35496 39.94816 116.35647 39.904 2
116.4389 39.87482 116.41815 39.89853 2
116.33258 39.91261 116.34502 39.94188 2
116.3972 39.85945 116.42239 39.9021 2
116.38092 39.85048 116.41932 39.90357 1
116.4047 39.90167 116.36915 39.92943 1
116.43421 39.90321 116.36114 39.94134 2
116.40034 39.94785 116.33079 39.91301 2
116.33624 39.89896 116.37355 39.93266 1
116.42109 39.92737 116.38978 39.88743 1
116.33572 39.88487 116.35814 39.90683 1
116.41053 39.87507 116.41408 39.90375 2
116.33723 39.9226 116.38824 39.89111 2
116.4379 39.94972 116.40177 39.84639 1
116.38095 39.87731 116.42705 39.88768 1
