116.38758 39.85934 116.36449 39.8946
116.38942 39.85054 116.33547 39.89394
116.38867 39.85404 116.34474 39.88602
116.40051 39.87845 116.43124 39.93037
116.399 39.88221 116.43627 39.93431
116.39755 39.88336 116.43792 39.92845
116.39687 39.88572 116.43654 39.93468
116.36698 39.85004 116.34165 39.87157
116.36097 39.84733 116.3499 39.87489
116.37054 39.93541 116.40337 39.95319
116.42843 39.89611 116.38568 39.95272
116.4341 39.90188 116.36464 39.93943
116.4315 39.9 116.36586 39.94476
116.33524 39.91542 116.34291 39.94516
116.34046 39.86762 116.37935 39.90183
116.34663 39.87301 116.37315 39.8871
116.34374 39.86851 116.37064 39.89385
116.37929 39.93716 116.41084 39.94782
116.37824 39.85854 116.41373 39.91116
116.37879 39.85731 116.41199 39.91632
116.37953 39.86336 116.41748 39.91028
116.37701 39.86653 116.4112 39.91153
116.37678 39.8607 116.41907 39.90793
116.36265 39.94056 116.34732 39.94623
116.43917 39.86074 116.4093 39.84648
116.43352 39.92366 116.41443 39.90713
116.40699 39.91786 116.42116 39.94443
116.3964 39.87332 116.36762 39.86964
116.39809 39.86905 116.36756 39.86895
116.41606 39.93182 116.37712 39.91006
116.41299 39.9334 116.38015 39.91471
116.34753 39.93723 116.38222 39.94801
116.41448 39.86103 116.38219 39.85423
116.3688 39.86214 116.4167 39.87611
116.34175 39.85347 116.36467 39.86783
116.36075 39.87969 116.4089 39.86278
116.41431 39.91135 116.41616 39.94724
116.37383 39.86476 116.35955 39.89167
116.37612 39.86592 116.36004 39.89649
116.43044 39.89671 116.39432 39.90541
116.43069 39.89607 116.39239 39.90298
116.4305 39.89866 116.38165 39.87313
116.39627 39.84947 116.36392 39.86792
116.41274 39.8658 116.38661 39.85143
116.34706 39.95718 116.37699 39.93868
116.34715 39.95608 116.37271 39.94018
116.41179 39.95375 116.42656 39.9026
116.41989 39.94884 116.4251 39.90028
116.38274 39.88056 116.42186 39.89179
116.38213 39.88359 116.42891 39.89183
116.35755 39.9084 116.33574 39.89678
116.35777 39.90733 116.33144 39.89143
116.35918 39.91021 116.33834 39.89563
116.3608 39.94442 116.42353 39.95701
116.3532 39.90627 116.4229 39.91087
116.3436 39.89276 116.34974 39.95099
116.34582 39.89251 116.34197 39.94347
116.41878 39.85542 116.42843 39.89976
116.42404 39.85824 116.40702 39.89788
116.42274 39.94843 116.41646 39.92801
