116.34877 39.87282 116.37957 39.89492 2
116.43668 39.92836 116.39808 39.92247 1
116.37178 39.87532 116.35385 39.907 1
116.43873 39.926 116.41786 39.9115 1
116.43558 39.93835 116.38933 39.90222 1
116.43298 39.93973 116.36522 39.89693 1
116.37295 39.86851 116.42586 39.87444 1
116.37597 39.92401 116.37245 39.89916 2
116.37195 39.9144 116.42024 39.90316 1
116.43717 39.84686 116.42972 39.90827 1
116.40388 39.86629 116.35725 39.89178 1
116.39353 39.93352 116.43903 39.94479 1
116.34641 39.87275 116.37933 39.90377 2
116.35393 39.92855 116.38328 39.9484 1
116.33506 39.92271 116.37336 39.9539 2
116.37668 39.87574 116.42574 39.87407 2
116.34793 39.94498 116.40596 39.89753 1
116.40362 39.91768 116.43792 39.93921 1
116.35491 39.8992 116.41003 39.89113 1
116.43476 39.92858 116.39864 39.92157 1
116.41447 39.94605 116.37301 39.88768 1
116.34592 39.92722 116.42286 39.90461 2
116.3831 39.94087 116.43725 39.94568 1
116.42936 39.91368 116.38775 39.9193 2
116.43965 39.92066 116.37469 39.90494 2
116.43823 39.90033 116.36592 39.94461 2
116.33379 39.90326 116.37863 39.93556 2
116.41286 39.92557 116.37987 39.89646 2
116.33722 39.88347 116.35505 39.90551 1
116.37266 39.86786 116.41471 39.88515 1
116.42941 39.84809 116.341 39.89615 2
116.43432 39.93338 116.3981 39.92417 1
116.41235 39.92963 116.44118 39.90141 2
116.40933 39.95213 116.41282 39.91099 2
116.42563 39.85518 116.3445 39.88977 1
116.40284 39.93396 116.42206 39.90116 2
116.36598 39.91022 116.42505 39.92003 1
116.38041 39.9167 116.41772 39.89818 2
116.37694 39.84917 116.35428 39.87663 2
116.4064 39.89794 116.36709 39.935 2
116.33426 39.92777 116.38056 39.95106 1
116.41133 39.86395 116.3859 39.84849 2
116.37152 39.87082 116.41764 39.88282 2
116.38508 39.87502 116.35012 39.88251 2
116.4108 39.95188 116.44125 39.94869 1
116.41305 39.94099 116.3984 39.9542 2
116.34316 39.8675 116.41904 39.8521 2
116.34711 39.93653 116.34499 39.87747 1
116.42123 39.86187 116.36616 39.8483 2
116.39744 39.95238 116.41997 39.89008 2
116.39982 39.95242 116.33605 39.91187 1
116.41164 39.93007 116.37406 39.91676 1
116.41739 39.93037 116.4329 39.90701 2
116.33717 39.93615 116.37053 39.95317 2
116.41331 39.90342 116.39036 39.87752 2
116.36889 39.90995 116.42481 39.92471 2
116.34386 39.94554 116.40654 39.90035 1
116.33838 39.89854 116.37218 39.92941 1
116.4192 39.89964 116.3832 39.85485 1
116.39679 39.92724 116.43422 39.94366 1
116.44109 39.94393 116.40908 39.89366 1
116.35946 39.89948 116.42266 39.9139 2
116.43253 39.93982 116.3642 39.90538 2
116.3401 39.91917 116.38961 39.88899 2
116.33596 39.86171 116.37727 39.85639 1
116.43133 39.89354 116.36823 39.91724 2
116.42266 39.91406 116.43999 39.87445 2
116.43796 39.95662 116.41576 39.90199 1
116.43144 39.93771 116.40307 39.88865 1
116.37882 39.87268 116.41219 39.88339 2
116.37986 39.875 116.36018 39.89844 1
116.37919 39.92214 116.37118 39.89983 1
116.42909 39.86278 116.42152 39.88964 1
116.36456 39.9129 116.42502 39.92574 2
116.36294 39.94254 116.42608 39.94815 1
116.43133 39.94664 116.42788 39.90463 2
116.37598 39.87328 116.42349 39.86754 2
116.36969 39.9139 116.42626 39.92404 2
116.35016 39.93311 116.39186 39.94738 1
116.43716 39.93346 116.39322 39.9224 2
116.36964 39.87283 116.33609 39.95569 2
116.37171 39.92238 116.37255 39.89975 1
116.34068 39.86707 116.37501 39.89634 1
116.39439 39.86105 116.42811 39.90035 2
116.33174 39.89839 116.37941 39.93244 1
116.34005 39.86212 116.37871 39.85411 2
116.37873 39.86337 116.42039 39.9167 1
116.36491 39.94247 116.42729 39.9492 2
116.43648 39.9361 116.39268 39.9231 1
116.37009 39.86976 116.3909 39.90492 1
116.34241 39.9382 116.34099 39.87256 1
116.37524 39.86893 116.41562 39.88436 1
116.43341 39.93583 116.39584 39.92234 1
116.33279 39.9258 116.38541 39.8908 2
116.39738 39.93666 116.43925 39.94445 2
116.36726 39.86863 116.39993 39.89943 1
116.37655 39.86729 116.42179 39.87325 2
116.42293 39.85474 116.34409 39.89625 2
116.39056 39.95197 116.39823 39.84735 2
116.42112 39.85186 116.35006 39.88865 2
