116.38758 39.85934 116.36449 39.8946
116.38942 39.85054 116.33547 39.89394
116.38867 39.85404 116.34474 39.88602
116.40051 39.87845 116.43124 39.93037
116.399 39.88221 116.43627 39.93431
116.39755 39.88336 116.43792 39.92845
116.39687 39.88572 116.43654 39.93468
116.36698 39.85004 116.34165 39.87157
116.36097 39.84733 116.3499 39.87489
116.37054 39.93541 116.40337 39.95319
116.42843 39.89611 116.38568 39.95272
116.4341 39.90188 116.36464 39.93943
116.4315 39.9 116.36586 39.94476
116.33524 39.91542 116.34291 39.94516
116.34046 39.86762 116.37935 39.90183
116.34663 39.87301 116.37315 39.8871
116.34374 39.86851 116.37064 39.89385
116.37929 39.93716 116.41084 39.94782
116.3964 39.87332 116.36762 39.86964
116.39809 39.86905 116.36756 39.86895
