116.39647 39.93697 116.4371 39.94186 1
116.38618 39.90034 116.37433 39.88148 1
116.33677 39.87082 116.40788 39.86574 2
116.34318 39.90058 116.4218 39.86471 1
116.38141 39.92979 116.33715 39.92087 1
116.37352 39.95626 116.34058 39.9275 2
116.40667 39.899 116.36764 39.93103 2
116.41206 39.92999 116.43751 39.89774 1
116.4192 39.95671 116.42492 39.90031 1
116.37187 39.87131 116.42722 39.87462 1
116.43678 39.90439 116.37432 39.85043 1
116.41367 39.93937 116.37984 39.89021 2
116.40774 39.95527 116.43155 39.95123 2
116.43596 39.93242 116.39613 39.92241 2
116.4121 39.95688 116.42254 39.89829 1
116.41399 39.95342 116.42646 39.90667 2
116.37327 39.92559 116.42654 39.9162 2
116.38078 39.92961 116.33103 39.92619 2
116.33091 39.90404 116.37409 39.93175 2
116.36791 39.87567 116.33442 39.95445 1
116.40444 39.8686 116.35282 39.87946 2
116.40224 39.94137 116.4405 39.94467 1
116.43648 39.94564 116.40434 39.88789 2
116.38955 39.95293 116.34303 39.91078 1
116.34641 39.90807 116.37123 39.88167 1
116.43763 39.92444 116.41455 39.90954 1
116.34607 39.90488 116.42142 39.86009 2
116.38786 39.9043 116.34877 39.95568 1
116.34169 39.87604 116.37197 39.88858 2
116.43898 39.90341 116.41753 39.92192 1
116.33683 39.93252 116.37208 39.95264 2
116.38213 39.93294 116.33287 39.92032 1
116.35004 39.85166 116.37045 39.87342 2
116.40819 39.89853 116.36857 39.88555 2
116.43797 39.88185 116.38752 39.88983 2
116.36717 39.90942 116.38074 39.89123 2
116.4007 39.89994 116.42163 39.87823 1
116.39039 39.87491 116.35824 39.87929 2
116.37742 39.90956 116.41926 39.89948 2
116.34588 39.89775 116.43011 39.9129 2
116.34211 39.8697 116.37075 39.91357 1
116.40256 39.90473 116.37028 39.88115 2
116.42483 39.88538 116.43067 39.92154 1
116.40502 39.90177 116.3698 39.92857 1
116.41361 39.94715 116.37481 39.88948 1
116.36124 39.86374 116.41751 39.87074 1
116.40768 39.89699 116.36876 39.8838 2
116.43339 39.89908 116.37506 39.85464 1
116.41625 39.93276 116.37493 39.90793 1
116.34153 39.85371 116.36474 39.87097 1
116.40058 39.86527 116.43019 39.90234 2
116.4265 39.86173 116.36516 39.85527 1
116.36205 39.9267 116.41045 39.87281 1
116.41216 39.95121 116.39177 39.93329 1
116.42104 39.89284 116.42186 39.85531 1
116.38787 39.87038 116.34969 39.88259 1
116.43474 39.92158 116.37637 39.90155 2
116.34797 39.87327 116.37353 39.91452 2
116.37312 39.87054 116.35193 39.90244 2
116.4167 39.87133 116.35476 39.90116 1
116.41185 39.95713 116.37565 39.95752 1
116.42108 39.91667 116.42948 39.94359 2
116.35478 39.90797 116.33641 39.88753 2
116.40928 39.95391 116.43446 39.94787 1
116.39113 39.93179 116.43156 39.93792 1
116.33243 39.90485 116.37556 39.92886 1
116.37877 39.91874 116.40118 39.94963 2
116.34398 39.86709 116.37372 39.89471 2
116.43137 39.88417 116.3458 39.88442 1
116.41792 39.90352 116.43964 39.92874 1
116.34512 39.8484 116.36603 39.87462 2
116.40092 39.91962 116.43922 39.94 2
116.3608 39.91693 116.42538 39.92469 1
116.41777 39.95571 116.42544 39.90494 1
116.36947 39.91401 116.3813 39.94565 1
116.38781 39.89888 116.34628 39.95753 2
116.38584 39.93102 116.43633 39.89362 2
116.33149 39.93313 116.37875 39.95641 2
116.40073 39.88775 116.43583 39.90975 2
116.43413 39.91747 116.35334 39.90216 2
116.34909 39.93882 116.40771 39.90431 2
116.33338 39.86335 116.37981 39.8483 2
116.4203 39.89467 116.36689 39.90056 1
116.34578 39.91636 116.37378 39.87088 2
116.35629 39.92889 116.3854 39.94986 1
116.34226 39.85324 116.37047 39.87499 1
116.35226 39.87876 116.37592 39.8972 2
116.44062 39.88031 116.38903 39.89021 1
116.43071 39.88893 116.38339 39.95746 1
116.39178 39.86186 116.4311 39.90309 2
116.43286 39.93814 116.42625 39.90503 2
116.39798 39.86319 116.42727 39.90399 1
116.42976 39.86107 116.41089 39.90555 1
116.37309 39.93672 116.40947 39.94796 1
116.35482 39.93221 116.38531 39.95589 2
116.4099 39.90512 116.36512 39.9362 2
116.35831 39.94246 116.42759 39.93603 1
116.4371 39.89426 116.36881 39.92684 1
116.42115 39.91452 116.3762 39.956 2
116.37516 39.92467 116.40212 39.95497 2
