116.34028 39.92002 116.42728 39.90309
116.36212 39.91532 116.38226 39.94073
116.35966 39.85513 116.41258 39.85128
116.3529 39.89482 116.42118 39.92936
116.4208 39.84967 116.43072 39.89287
116.34296 39.93162 116.42561 39.89707
116.3964 39.87332 116.36762 39.86964
116.37791 39.92976 116.40801 39.95675
116.43023 39.9107 116.37114 39.95416
116.3786 39.87823 116.38188 39.85004
116.36809 39.8699 116.3326 39.95073
116.43996 39.88029 116.38166 39.88822
116.41878 39.85542 116.42843 39.89976
116.37824 39.85854 116.41373 39.91116
116.33252 39.91419 116.34573 39.94465
116.37682 39.92675 116.42789 39.91477
116.43903 39.92612 116.37909 39.89755
116.40832 39.94677 116.43849 39.94635
116.37879 39.85731 116.41199 39.91632
116.41703 39.88766 116.42436 39.84804
116.39324 39.90482 116.43085 39.87831
116.36964 39.93664 116.38795 39.89524
116.41225 39.88118 116.42342 39.84635
116.345 39.91474 116.37101 39.87174
116.40706 39.86783 116.42051 39.89974
116.40456 39.86097 116.35958 39.89341
116.36987 39.85392 116.35643 39.88652
116.35138 39.89879 116.42225 39.91325
116.38344 39.90663 116.34325 39.94239
116.36916 39.89532 116.399 39.91003
116.43866 39.9346 116.39812 39.91828
116.35026 39.86779 116.37602 39.91178
116.40051 39.87845 116.43124 39.93037
116.33226 39.86593 116.37696 39.85035
116.38844 39.85276 116.41334 39.907
116.34297 39.89898 116.36058 39.8946
116.35903 39.94652 116.42887 39.93158
116.40692 39.9113 116.36398 39.90429
116.39246 39.87608 116.36134 39.8763
116.38338 39.85125 116.33627 39.89562
116.39627 39.84947 116.36392 39.86792
116.34102 39.86557 116.384 39.90396
116.3793 39.90067 116.3416 39.92981
116.41082 39.8565 116.43748 39.92771
116.35755 39.9084 116.33574 39.89678
116.39977 39.91732 116.43854 39.93584
116.39018 39.87508 116.34222 39.88293
116.37953 39.86336 116.41748 39.91028
116.34083 39.9488 116.37501 39.94635
116.36817 39.93546 116.38114 39.89513
116.38274 39.88056 116.42186 39.89179
116.34706 39.95718 116.37699 39.93868
116.40656 39.94032 116.35765 39.95416
116.35228 39.87364 116.33551 39.8754
116.36914 39.90118 116.41197 39.84822
116.43064 39.9568 116.37575 39.9466
116.37098 39.9263 116.37878 39.90237
116.37929 39.93716 116.41084 39.94782
116.37276 39.95542 116.34733 39.93614
116.43142 39.85056 116.4295 39.91079
116.3532 39.89558 116.35415 39.93283
116.39972 39.90263 116.42359 39.87743
116.39771 39.86805 116.36468 39.87397
116.42686 39.91938 116.39878 39.88846
116.34363 39.94738 116.35001 39.86727
116.34036 39.91267 116.37532 39.86775
116.34521 39.94924 116.37321 39.93756
116.36793 39.87041 116.33946 39.95242
116.33965 39.9173 116.39059 39.888
116.43899 39.86079 116.41152 39.87841
116.3683 39.95044 116.41707 39.91164
116.40838 39.89463 116.39129 39.86224
116.39167 39.85906 116.42465 39.89709
116.3674 39.9318 116.3857 39.89567
116.43457 39.93264 116.39831 39.92071
116.40756 39.86059 116.43728 39.93282
116.43589 39.90536 116.37856 39.84971
116.41421 39.94797 116.38735 39.89737
116.399 39.88221 116.43627 39.93431
116.40282 39.90543 116.36523 39.9322
116.41448 39.86103 116.38219 39.85423
116.33996 39.86503 116.38008 39.85004
116.37254 39.859 116.41264 39.91431
116.39515 39.86733 116.36798 39.86732
116.42274 39.94843 116.41646 39.92801
116.36833 39.95369 116.41811 39.91199
116.43352 39.92366 116.41443 39.90713
116.3635 39.89059 116.33255 39.93734
116.35974 39.95486 116.35049 39.90556
116.40081 39.8592 116.42174 39.9066
116.42815 39.86943 116.41737 39.90326
116.41848 39.93795 116.39116 39.94821
116.38186 39.84847 116.41957 39.8991
116.40245 39.90369 116.36541 39.87788
116.36289 39.9367 116.38899 39.89219
116.33865 39.8886 116.36138 39.86069
116.43273 39.94333 116.38663 39.9001
116.33448 39.87088 116.40274 39.86117
116.3676 39.88988 116.33897 39.94214
116.3562 39.86836 116.33103 39.87982
116.39135 39.88327 116.44052 39.92958
116.41859 39.84762 116.42748 39.88835
116.36917 39.93995 116.34702 39.94434
116.34083 39.92305 116.37805 39.86811
116.41038 39.87161 116.41975 39.89759
116.41149 39.85089 116.4227 39.8916
116.40722 39.90009 116.36856 39.88165
116.36595 39.94259 116.42888 39.95622
116.34273 39.92159 116.37197 39.86736
116.40849 39.87319 116.37276 39.90371
116.4197 39.85015 116.42777 39.90301
116.37068 39.92261 116.42414 39.91092
116.35782 39.84988 116.41735 39.84659
116.34315 39.93763 116.4054 39.90525
116.37693 39.91734 116.40896 39.95195
116.36449 39.90859 116.38101 39.89061
116.33261 39.91493 116.34715 39.94274
116.37088 39.89213 116.41321 39.909
116.36818 39.89977 116.44062 39.8909
116.39015 39.9315 116.43827 39.8905
116.34936 39.89271 116.41866 39.88959
116.37434 39.84655 116.35845 39.86769
116.42449 39.88196 116.42707 39.92114
116.39951 39.92323 116.43801 39.92793
116.34175 39.93036 116.42887 39.93001
116.36031 39.84816 116.41181 39.84687
116.35001 39.8489 116.3661 39.87155
116.39973 39.86667 116.3679 39.87026
116.42641 39.94679 116.34492 39.95058
116.34044 39.87501 116.37773 39.9067
116.41574 39.9488 116.33857 39.90619
116.43833 39.86652 116.41561 39.87925
116.42783 39.84724 116.34891 39.89254
116.43654 39.88871 116.33558 39.91993
116.42931 39.95359 116.33044 39.92412
116.34402 39.86599 116.38957 39.89989
116.34211 39.84754 116.36416 39.87573
116.35892 39.85212 116.4121 39.8532
116.43345 39.87516 116.41313 39.89997
116.43917 39.86074 116.4093 39.84648
116.40335 39.86999 116.3545 39.88396
116.36347 39.90209 116.4139 39.85507
116.41623 39.91816 116.37141 39.89048
116.34332 39.85874 116.38068 39.90111
116.43239 39.88869 116.36202 39.91746
116.38758 39.85934 116.36449 39.8946
116.39308 39.92837 116.43998 39.93786
116.43224 39.88467 116.3437 39.87835
116.3532 39.90627 116.4229 39.91087
116.34916 39.92376 116.37139 39.87298
116.39067 39.86013 116.42978 39.92983
116.42706 39.92238 116.40046 39.89401
116.37161 39.90659 116.34876 39.93652
116.37996 39.88919 116.34653 39.93903
116.36174 39.94553 116.34806 39.94261
116.36081 39.85995 116.34314 39.89466
116.39809 39.86905 116.36756 39.86895
116.42296 39.90873 116.3785 39.94868
116.41079 39.89429 116.39536 39.86368
116.34871 39.89477 116.38486 39.85676
116.38582 39.88033 116.42567 39.891
116.33382 39.88366 116.35919 39.90773
116.43269 39.85376 116.42789 39.91229
116.3735 39.90417 116.43053 39.89705
116.39219 39.88226 116.43226 39.92723
116.40237 39.95364 116.41894 39.91454
116.37619 39.93981 116.42042 39.92797
116.41123 39.8539 116.42557 39.89473
116.36192 39.90067 116.34336 39.93753
116.34046 39.86762 116.37935 39.90183
116.41888 39.93847 116.4407 39.91551
116.3688 39.86214 116.4167 39.87611
116.33176 39.87932 116.35413 39.91153
116.42011 39.93229 116.4366 39.90611
116.34858 39.95058 116.3727 39.9381
116.41179 39.95375 116.42656 39.9026
116.37288 39.91995 116.37278 39.90099
116.36698 39.85004 116.34165 39.87157
116.38942 39.85054 116.33547 39.89394
116.42141 39.86781 116.40144 39.92474
116.33999 39.87494 116.40373 39.86657
116.43004 39.84724 116.35013 39.89511
116.36285 39.90243 116.34865 39.94089
116.39155 39.84646 116.35457 39.84895
116.36913 39.87112 116.42096 39.92534
116.35125 39.87122 116.33871 39.87125
116.33612 39.89378 116.39768 39.90697
116.39396 39.91883 116.43383 39.9335
116.34338 39.89645 116.38987 39.86155
116.43467 39.88817 116.41748 39.90239
116.36902 39.90639 116.41344 39.85345
116.36842 39.87199 116.39475 39.90137
116.43098 39.91099 116.42713 39.94119
116.36093 39.8507 116.34296 39.87292
116.42983 39.85481 116.34274 39.89188
116.35851 39.90652 116.40261 39.8868
116.40282 39.88738 116.39098 39.86257
116.35777 39.90733 116.33144 39.89143
116.34589 39.86042 116.38448 39.89942
116.41947 39.84698 116.42561 39.88997
116.33401 39.8657 116.37934 39.84691
116.34801 39.91449 116.37692 39.87014
116.35082 39.85341 116.41267 39.84711
116.33072 39.91658 116.34213 39.93766
116.39068 39.84662 116.34324 39.8838
116.33582 39.86084 116.37072 39.84984
116.36117 39.90625 116.4328 39.89468
116.43044 39.89671 116.39432 39.90541
116.35702 39.85295 116.41773 39.85102
116.37335 39.85864 116.35136 39.88947
116.37179 39.94248 116.41109 39.93033
116.43402 39.88491 116.41538 39.9135
116.34262 39.86557 116.38914 39.90008
116.41274 39.8658 116.38661 39.85143
116.33403 39.90148 116.37244 39.929
116.4281 39.90973 116.43763 39.87544
116.34489 39.95669 116.37676 39.94054
116.36143 39.93594 116.3834 39.89332
116.43298 39.92364 116.36016 39.90361
116.37437 39.93928 116.41737 39.92888
116.41268 39.94097 116.43646 39.9164
116.37749 39.95294 116.34247 39.9285
116.40552 39.90935 116.42504 39.89322
116.4252 39.91744 116.39351 39.95732
116.42654 39.89532 116.39804 39.90247
116.41778 39.86345 116.38539 39.84713
116.34175 39.88234 116.38787 39.87025
116.34072 39.94073 116.34101 39.86966
116.43695 39.93969 116.39017 39.90205
116.35422 39.91573 116.33247 39.89137
116.33818 39.91255 116.3456 39.94079
116.42543 39.88105 116.42876 39.9204
116.33777 39.91296 116.34735 39.94169
116.37315 39.93139 116.41076 39.95245
116.39212 39.87458 116.36935 39.87118
116.43432 39.86519 116.34881 39.87712
116.42417 39.94989 116.33941 39.92346
116.41331 39.86053 116.41478 39.8965
116.36275 39.91229 116.43014 39.91953
116.34543 39.94144 116.34689 39.87324
116.39084 39.8574 116.42191 39.90261
116.42429 39.86366 116.43065 39.88801
116.41917 39.94586 116.43866 39.9109
116.40129 39.90117 116.36529 39.93407
116.38523 39.85175 116.33713 39.88988
116.37088 39.95341 116.41504 39.93966
116.41989 39.94884 116.4251 39.90028
116.34223 39.87877 116.36278 39.90359
116.39519 39.92009 116.43878 39.93411
116.3608 39.94442 116.42353 39.95701
116.34413 39.89105 116.34329 39.95514
116.3939 39.95501 116.41984 39.90803
116.37857 39.932 116.40177 39.95028
116.33623 39.89816 116.37695 39.93429
116.34424 39.93967 116.41046 39.90512
116.40856 39.86934 116.38969 39.88921
116.36699 39.89424 116.3361 39.94533
116.37619 39.92033 116.40758 39.95425
116.36013 39.8689 116.33044 39.8836
116.33049 39.91913 116.37732 39.95118
116.4142 39.84906 116.43947 39.90283
116.33904 39.88508 116.35532 39.90191
116.33916 39.93301 116.37192 39.95231
116.36075 39.87969 116.4089 39.86278
116.42378 39.93548 116.42716 39.9145
116.37417 39.88455 116.4173 39.95137
116.43811 39.91584 116.39508 39.9172
116.43269 39.89079 116.40479 39.89928
116.34394 39.86956 116.37769 39.91027
116.37383 39.86476 116.35955 39.89167
116.41543 39.92545 116.37583 39.91914
116.44066 39.94699 116.36306 39.90017
116.44122 39.93036 116.39711 39.91968
116.35244 39.90492 116.42143 39.90907
116.37285 39.8996 116.41463 39.89609
116.43102 39.91464 116.43358 39.87093
116.42671 39.91596 116.4401 39.87191
116.37912 39.95744 116.41979 39.93909
116.36113 39.94958 116.41796 39.91018
116.41677 39.91777 116.37888 39.92394
116.43964 39.93461 116.394 39.91839
116.41371 39.85311 116.42194 39.88902
116.42759 39.86665 116.41773 39.90112
116.39558 39.89222 116.34064 39.89604
116.42643 39.89595 116.39572 39.90578
116.37601 39.92037 116.40742 39.95394
116.36889 39.90419 116.43848 39.89591
116.43024 39.90467 116.36948 39.92683
116.41176 39.95087 116.38363 39.90376
116.40371 39.86582 116.4011 39.91306
116.34085 39.85948 116.38586 39.90434
116.35355 39.89539 116.35685 39.92844
116.41041 39.90959 116.42995 39.8922
116.38855 39.93037 116.33751 39.9212
116.37601 39.87047 116.42332 39.87616
116.42355 39.91653 116.4255 39.94373
116.4294 39.94204 116.3489 39.94775
116.36562 39.92865 116.38522 39.8966
116.36263 39.91332 116.43098 39.92192
116.3702 39.90696 116.34027 39.94645
116.36759 39.92916 116.38906 39.88984
116.43687 39.87118 116.37056 39.86628
116.42594 39.91978 116.3996 39.95557
116.39755 39.88336 116.43792 39.92845
116.38575 39.85175 116.41373 39.87401
116.41517 39.90111 116.36063 39.90852
116.40976 39.89898 116.36806 39.93127
116.42237 39.95176 116.42696 39.92274
116.38663 39.92886 116.43591 39.89475
116.38213 39.88359 116.42891 39.89183
116.39477 39.88235 116.4346 39.93076
116.3325 39.86361 116.37905 39.84982
116.37505 39.93303 116.41042 39.95488
116.34663 39.87301 116.37315 39.8871
116.43331 39.95057 116.4218 39.8912
116.43069 39.89607 116.39239 39.90298
116.35663 39.93818 116.42301 39.93002
116.39576 39.86488 116.42308 39.90152
116.3899 39.92829 116.33324 39.92393
116.3375 39.86135 116.37941 39.8503
116.42261 39.9214 116.39398 39.94844
116.33809 39.93561 116.37651 39.95538
116.36951 39.93133 116.38246 39.89076
116.43755 39.84915 116.42456 39.91014
116.34175 39.85347 116.36467 39.86783
116.33823 39.92034 116.38465 39.89686
116.42556 39.87873 116.42246 39.92387
116.33896 39.9103 116.34724 39.94363
116.3635 39.93337 116.38817 39.89634
116.41379 39.86582 116.36438 39.90831
116.41161 39.93773 116.3985 39.95195
116.43357 39.94279 116.38387 39.89923
116.42196 39.9401 116.35008 39.95306
116.40536 39.85821 116.35172 39.88822
116.36591 39.93782 116.42972 39.95065
116.35063 39.89669 116.43698 39.8876
116.38628 39.87552 116.35661 39.87879
116.42795 39.86226 116.42515 39.89496
116.37401 39.92978 116.40261 39.95012
116.37981 39.93279 116.40493 39.95661
116.44042 39.92911 116.39985 39.92691
116.39022 39.85542 116.41792 39.87195
116.40841 39.86934 116.35849 39.8819
116.44041 39.87103 116.37435 39.85868
116.43531 39.9314 116.39434 39.92591
116.36674 39.92483 116.40433 39.86973
116.40121 39.91376 116.3629 39.90393
116.42303 39.92352 116.39433 39.9518
116.43415 39.94991 116.40998 39.847
116.40369 39.91574 116.43062 39.89104
116.40745 39.87012 116.35632 39.87831
116.35559 39.90155 116.4288 39.91612
116.35989 39.88176 116.38003 39.89704
116.42843 39.89611 116.38568 39.95272
116.40052 39.88361 116.43999 39.93603
116.39113 39.88338 116.4338 39.93339
116.33799 39.8737 116.4078 39.86521
116.39421 39.95384 116.41115 39.88758
116.40948 39.89806 116.36376 39.88184
116.38867 39.85404 116.34474 39.88602
116.34127 39.94881 116.37792 39.9392
116.41936 39.94914 116.4264 39.89727
116.4305 39.89866 116.38165 39.87313
116.40517 39.90898 116.36713 39.89768
116.39083 39.84805 116.36789 39.86785
116.37114 39.9127 116.42012 39.90668
116.43795 39.85506 116.42205 39.90819
116.34175 39.85794 116.38367 39.89705
116.41917 39.87273 116.4223 39.89713
116.36658 39.88999 116.39244 39.91522
116.41431 39.91135 116.41616 39.94724
116.33292 39.87712 116.35966 39.90264
116.43791 39.93441 116.39905 39.92174
116.42752 39.86766 116.40914 39.92582
116.3582 39.89302 116.35541 39.92753
116.33872 39.87391 116.41068 39.86583
116.40447 39.91314 116.36528 39.89737
116.36265 39.94056 116.34732 39.94623
116.3947 39.91793 116.43546 39.93405
116.42298 39.95077 116.42963 39.9265
116.38732 39.92733 116.43636 39.89211
116.43422 39.88608 116.41539 39.91486
116.39387 39.85058 116.43741 39.85942
116.42977 39.86449 116.36605 39.84804
116.41155 39.95614 116.42687 39.90686
116.40668 39.84748 116.36879 39.87027
116.3688 39.84973 116.35204 39.88176
116.42118 39.89373 116.39813 39.90771
116.34245 39.91588 116.37136 39.86811
116.41329 39.94083 116.37168 39.88793
116.40847 39.8579 116.43322 39.93601
116.37164 39.94751 116.34689 39.93519
116.43955 39.9367 116.40022 39.92092
116.3972 39.85632 116.43379 39.85934
116.36097 39.84733 116.3499 39.87489
116.424 39.903 116.408 39.84705
116.36204 39.93409 116.38435 39.8903
116.34946 39.93015 116.39016 39.9379
116.40857 39.87372 116.35804 39.90616
116.34542 39.90956 116.37422 39.86805
116.42638 39.89025 116.39937 39.90579
116.42517 39.91516 116.38038 39.9537
116.39687 39.88572 116.43654 39.93468
116.33483 39.91144 116.34499 39.93913
116.40627 39.89758 116.36087 39.93388
116.34092 39.90473 116.42154 39.91137
116.4011 39.85647 116.35919 39.89222
116.37701 39.95002 116.41316 39.94678
116.43731 39.92718 116.41394 39.9139
116.43095 39.88027 116.42222 39.92048
116.34054 39.85776 116.3835 39.8981
116.3781 39.95744 116.41393 39.94404
116.3771 39.92078 116.42928 39.9156
116.42556 39.87618 116.41614 39.90551
116.39234 39.87259 116.36961 39.86752
116.34071 39.9159 116.37898 39.88595
116.43156 39.86887 116.37395 39.85788
116.39658 39.95201 116.33923 39.91568
116.4173 39.95553 116.33379 39.89965
116.4127 39.94776 116.3339 39.89989
116.35969 39.95701 116.41111 39.95497
116.41686 39.90928 116.441 39.88894
116.4341 39.90188 116.36464 39.93943
116.33432 39.86838 116.41012 39.86044
116.36242 39.88727 116.39959 39.91627
116.40244 39.86553 116.43457 39.93281
116.33524 39.91542 116.34291 39.94516
116.36729 39.93563 116.38664 39.8938
116.43655 39.89723 116.37119 39.8509
116.36457 39.90427 116.34244 39.94015
116.40842 39.91011 116.42374 39.89591
116.37345 39.91886 116.42296 39.91345
116.3659 39.88946 116.41463 39.88412
116.38044 39.90443 116.42671 39.90618
116.3808 39.85653 116.36536 39.88849
116.3812 39.95089 116.39224 39.85175
116.41222 39.85401 116.42723 39.89823
116.3781 39.85644 116.33537 39.88579
116.38131 39.90351 116.34901 39.93992
116.43651 39.88482 116.34654 39.87868
116.39322 39.89738 116.42765 39.87906
116.39368 39.89978 116.35016 39.92564
116.33949 39.90356 116.37196 39.9365
116.41606 39.93182 116.37712 39.91006
116.36403 39.85847 116.34578 39.89001
116.38839 39.85562 116.34316 39.88036
116.42682 39.87159 116.41241 39.90352
116.43477 39.87057 116.41478 39.88882
116.38101 39.85014 116.34164 39.87776
116.37701 39.86653 116.4112 39.91153
116.37054 39.93541 116.40337 39.95319
116.34744 39.85943 116.38589 39.89961
116.40188 39.90474 116.36975 39.87842
116.37454 39.89742 116.42097 39.89031
116.34072 39.9199 116.37875 39.87484
116.43311 39.95717 116.40856 39.8531
116.34596 39.93918 116.34805 39.87336
116.34753 39.93723 116.38222 39.94801
116.41341 39.89905 116.43619 39.93549
116.40583 39.89073 116.39823 39.86179
116.42404 39.85824 116.40702 39.89788
116.42226 39.90776 116.42932 39.93741
116.39225 39.84747 116.36059 39.87377
116.34374 39.86851 116.37064 39.89385
116.34123 39.86222 116.38084 39.89996
116.37862 39.87643 116.42133 39.8704
116.39008 39.89991 116.41232 39.91113
116.40897 39.87054 116.37944 39.90157
116.35347 39.914 116.33364 39.89569
116.35024 39.9368 116.395 39.93817
116.38647 39.86757 116.34607 39.88647
116.41705 39.95507 116.38309 39.89871
116.36133 39.92706 116.40417 39.87353
116.34565 39.88398 116.36849 39.89849
116.36563 39.89004 116.33951 39.94404
116.40788 39.87529 116.37577 39.89898
116.37819 39.8792 116.3652 39.85781
116.34377 39.87493 116.37073 39.88703
116.34888 39.95239 116.37892 39.94124
116.35244 39.94467 116.35343 39.90386
116.41299 39.9334 116.38015 39.91471
116.33503 39.89571 116.39535 39.89785
116.40849 39.90391 116.36519 39.92898
116.42023 39.93198 116.43291 39.89876
116.38991 39.94785 116.3796 39.93268
116.38933 39.92805 116.43969 39.89062
116.34664 39.92044 116.42265 39.90536
116.42101 39.85273 116.3418 39.87112
116.34582 39.89251 116.34197 39.94347
116.37042 39.84975 116.41269 39.87713
116.33969 39.86896 116.40255 39.86481
116.42218 39.86497 116.37018 39.85216
116.34267 39.95534 116.37594 39.94288
116.43108 39.87227 116.40878 39.92226
116.37089 39.91743 116.42791 39.915
116.3456 39.85727 116.38658 39.89961
116.33925 39.87812 116.35813 39.91076
116.42737 39.88824 116.3971 39.90498
116.39351 39.8682 116.36838 39.87145
116.43329 39.94285 116.42581 39.90081
116.4007 39.92563 116.43277 39.93661
116.40463 39.90976 116.42999 39.89588
116.36494 39.90538 116.41516 39.85321
116.40564 39.86715 116.35493 39.89897
116.4362 39.87159 116.41753 39.89103
116.41255 39.85308 116.42852 39.88971
116.36452 39.8502 116.41509 39.912
116.36986 39.95645 116.39345 39.9323
116.42125 39.94561 116.34332 39.94786
116.35005 39.87405 116.37455 39.89115
116.40692 39.91011 116.36499 39.90137
116.43983 39.95197 116.41404 39.90446
116.42544 39.91167 116.38542 39.92293
116.38764 39.85294 116.41147 39.86686
116.43925 39.84652 116.42268 39.91266
116.36846 39.91451 116.43104 39.925
116.40379 39.92088 116.43376 39.90084
116.42352 39.92369 116.39673 39.95298
116.35215 39.95105 116.41675 39.94976
116.34813 39.94261 116.34728 39.87338
116.36862 39.85472 116.4078 39.87135
116.34715 39.95608 116.37271 39.94018
116.4299 39.8634 116.40433 39.90493
116.40754 39.86525 116.436 39.93637
116.33098 39.86134 116.37614 39.85428
116.41191 39.94218 116.37123 39.89146
116.42359 39.93111 116.38403 39.89342
116.36407 39.84891 116.4126 39.88499
116.35261 39.95323 116.35638 39.89724
116.38555 39.93619 116.43938 39.89238
116.37636 39.92427 116.40687 39.95019
116.34371 39.88884 116.34689 39.95356
116.39757 39.88255 116.43125 39.93677
116.42659 39.86195 116.40782 39.90605
116.42046 39.94438 116.37826 39.89078
116.4033 39.91663 116.36655 39.90404
116.39779 39.92359 116.43666 39.92876
116.42127 39.94959 116.41448 39.93133
116.34711 39.92526 116.42457 39.90054
116.36367 39.89649 116.39145 39.91656
116.41772 39.88573 116.4211 39.84875
116.42956 39.93077 116.38574 39.89061
116.40294 39.90839 116.36544 39.90251
116.42163 39.92177 116.41309 39.88537
116.34751 39.92018 116.34455 39.95609
116.3814 39.86103 116.36225 39.89403
116.4315 39.9 116.36586 39.94476
116.38843 39.85697 116.4244 39.86963
116.43229 39.95037 116.35324 39.91628
116.37678 39.8607 116.41907 39.90793
116.41002 39.95068 116.42215 39.9092
116.43696 39.87912 116.42063 39.90871
116.34519 39.95168 116.37751 39.94072
116.40069 39.90308 116.42647 39.90759
116.33832 39.91828 116.37465 39.95131
116.33709 39.87321 116.40296 39.86325
116.35284 39.8475 116.41907 39.84775
116.35236 39.94699 116.35074 39.90627
116.42256 39.95093 116.3382 39.91766
116.43149 39.94204 116.36111 39.89809
116.37536 39.95632 116.34226 39.93035
116.42435 39.9496 116.37119 39.94571
116.3417 39.92692 116.3456 39.95499
116.34322 39.86696 116.41355 39.84836
116.34298 39.89604 116.38267 39.85827
116.43584 39.864 116.34218 39.87955
116.42831 39.91949 116.39405 39.95338
116.36132 39.89382 116.33728 39.93759
116.40411 39.9422 116.3323 39.91132
116.40699 39.91786 116.42116 39.94443
116.3605 39.84821 116.34316 39.87036
116.40146 39.89667 116.39958 39.85756
116.4289 39.93703 116.4248 39.90916
116.36966 39.94369 116.34761 39.94742
116.37612 39.86592 116.36004 39.89649
116.4062 39.94482 116.42319 39.9313
116.34328 39.91556 116.37654 39.87395
116.35918 39.91021 116.33834 39.89563
116.33036 39.89812 116.37229 39.93343
116.36567 39.84777 116.41663 39.9152
116.39618 39.90309 116.34752 39.92364
116.40366 39.88984 116.39863 39.86467
116.34625 39.93779 116.34515 39.86737
116.38153 39.85282 116.42082 39.86718
116.3534 39.93138 116.38515 39.95244
116.422 39.90663 116.43772 39.93855
116.43945 39.94507 116.36579 39.9016
116.36535 39.95118 116.39132 39.93349
116.42484 39.90557 116.39588 39.89569
116.41488 39.90327 116.39327 39.95533
116.3436 39.89276 116.34974 39.95099
116.38826 39.84696 116.41264 39.87051
116.34858 39.85879 116.3822 39.90515
116.36159 39.85599 116.40434 39.86933
116.42193 39.89277 116.39661 39.91311
116.40474 39.86504 116.43924 39.92797
116.4277 39.95476 116.33281 39.91768
116.3584 39.91662 116.33982 39.88827
116.42747 39.9345 116.38872 39.89095
116.43977 39.94828 116.35563 39.91437
